5 5 198 3 15.0
1 20 250 60 118 0.36
2 20 720 55 175 0.56
3 20 2400 55 357 0.85
4 20 4500 50 443 1.00
5 20 8400 45 528 1.40
1 2.157 -56.902 114 0.337 1 5 1 2 4 8 16 31
2 2.957 -56.002 176 0.431 1 5 1 2 4 8 16 31
3 2.057 -56.502 197 0.492 1 5 1 2 4 8 16 31
4 2.957 -56.902 1103 1.641 5 1 31 30
5 2.257 -56.002 1186 1.741 3 4 13 19 21 25 30
6 112.655 -35.394 958 1.465 2 4 5 9 18 20 31
7 112.655 -35.394 1278 1.853 1 5 1 2 4 8 16 31
8 -34.888 25.009 1018 1.537 1 5 1 2 4 8 16 30
9 -34.888 25.009 1386 1.985 1 5 1 2 4 8 16 31
10 96.562 -31.328 1106 1.643 2 4 5 9 18 20 31
11 -3.750 -45.490 147 0.348 1 5 1 2 4 8 16 30
12 -3.750 -45.490 150 0.349 1 5 1 2 4 8 16 31
13 -3.750 -45.490 873 1.361 1 5 1 2 4 8 16 30
14 -62.141 21.689 75 0.325 1 5 1 2 4 8 16 31
15 -29.850 33.994 15 0.312 1 5 1 2 4 8 16 31
16 -30.850 33.094 75 0.325 1 5 1 2 4 8 16 30
17 -31.850 34.994 114 0.337 1 5 1 2 4 8 16 31
18 65.118 96.966 75 0.325 1 5 1 2 4 8 16 31
19 65.118 96.966 1032 1.554 3 4 13 19 21 25 31
20 -57.506 25.242 147 0.348 1 5 1 2 4 8 16 30
21 -63.493 21.952 605 0.889 1 5 1 2 4 8 16 30
22 -63.493 21.952 661 0.943 1 5 1 2 4 8 16 31
23 2.380 -56.806 10 0.312 1 5 1 2 4 8 16 30
24 34.256 -58.270 247 0.485 1 5 1 2 4 8 16 31
25 18.802 -61.558 1193 1.75 1 5 1 2 4 8 16 31
26 -11.674 -48.096 39 0.312 1 5 1 2 4 8 16 31
27 -11.674 -48.096 5 0.312 1 5 1 2 4 8 16 30
28 2.131 -50.868 814 1.29 1 5 1 2 4 8 16 30
29 -37.483 -7.326 1047 1.572 5 1 31 31
30 -37.483 -7.326 1066 1.596 4 3 23 27 29 31
31 -63.464 22.699 146 0.409 1 5 1 2 4 8 16 30
32 -63.181 20.324 946 1.449 4 3 23 27 29 30
33 6.445 -56.035 99 0.374 1 5 1 2 4 8 16 30
34 29.909 -59.334 960 1.467 2 4 5 9 18 20 31
35 29.009 -58.334 1047 1.573 2 4 5 9 18 20 30
36 28.609 -59.134 1182 1.737 3 4 13 19 21 25 30
37 29.009 -58.934 1629 2.28 1 5 1 2 4 8 16 31
38 -61.039 23.358 944 1.447 3 4 13 19 21 25 31
39 19.746 -47.556 39 0.312 1 5 1 2 4 8 16 31
40 19.746 -47.556 9 0.312 1 5 1 2 4 8 16 30
41 19.746 -47.556 75 0.324 1 5 1 2 4 8 16 30
42 -53.953 14.732 1823 2.516 5 1 31 31
43 -59.772 23.975 294 0.586 1 5 1 2 4 8 16 30
44 -59.772 23.975 439 0.727 1 5 1 2 4 8 16 31
45 -59.772 23.975 733 1.013 1 5 1 2 4 8 16 31
46 26.986 -56.480 224 0.467 1 5 1 2 4 8 16 30
47 26.986 -56.480 269 0.562 1 5 1 2 4 8 16 31
48 -13.248 -35.072 1034 1.557 3 4 13 19 21 25 31
49 -12.248 -35.572 1046 1.571 5 1 31 31
50 -11.248 -35.972 1208 1.768 5 1 31 30
51 -58.085 12.089 832 1.109 1 5 1 2 4 8 16 30
52 -62.069 20.865 75 0.325 1 5 1 2 4 8 16 31
53 -62.969 21.065 164 0.423 1 5 1 2 4 8 16 31
54 -61.569 21.965 196 0.447 1 5 1 2 4 8 16 30
55 -60.594 20.029 18 0.312 1 5 1 2 4 8 16 30
56 -60.594 20.029 114 0.386 1 5 1 2 4 8 16 31
57 -63.068 21.572 150 0.349 1 5 1 2 4 8 16 31
58 -63.068 21.572 150 0.349 3 4 13 19 21 25 30
59 -63.901 20.953 218 0.512 1 5 1 2 4 8 16 30
60 -63.301 20.153 612 0.895 1 5 1 2 4 8 16 31
61 43.182 84.923 39 0.312 1 5 1 2 4 8 16 30
62 43.182 84.923 189 0.361 1 5 1 2 4 8 16 30
63 77.515 -51.366 929 1.429 4 3 23 27 29 31
64 77.515 -51.366 1072 1.603 2 4 5 9 18 20 31
65 76.636 104.228 75 0.324 1 5 1 2 4 8 16 31
66 22.106 -30.019 637 0.919 1 5 1 2 4 8 16 31
67 21.106 -31.019 832 1.109 1 5 1 2 4 8 16 30
68 21.006 -30.919 979 1.49 3 4 13 19 21 25 30
69 22.106 -31.919 1097 1.633 5 1 31 31
70 27.500 -57.282 960 1.467 2 4 5 9 18 20 31
71 87.018 -48.584 15 0.312 1 5 1 2 4 8 16 31
72 87.918 -49.584 75 0.324 1 5 1 2 4 8 16 30
73 23.321 -29.728 764 1.228 1 5 1 2 4 8 16 31
74 -51.334 21.316 196 0.49 1 5 1 2 4 8 16 30
75 -51.335 21.316 208 0.502 3 4 13 19 21 25 30
76 -51.620 42.040 587 0.871 1 5 1 2 4 8 16 30
77 -51.620 42.040 930 1.204 1 5 1 2 4 8 16 30
78 -59.202 26.288 75 0.325 1 5 1 2 4 8 16 30
79 -59.202 26.288 265 0.557 1 5 1 2 4 8 16 31
80 -59.202 26.288 479 0.766 1 5 1 2 4 8 16 31
81 -36.446 -7.370 75 0.325 1 5 1 2 4 8 16 30
82 -58.241 12.331 224 0.467 1 5 1 2 4 8 16 31
83 -62.538 21.361 1437 2.046 5 1 31 31
84 59.458 -43.643 214 0.508 1 5 1 2 4 8 16 31
85 -41.456 24.518 75 0.324 1 5 1 2 4 8 16 31
86 -41.456 24.518 114 0.337 3 4 13 19 21 25 31
87 -46.663 62.491 147 0.41 5 1 31 30
88 -46.663 62.491 214 0.508 1 5 1 2 4 8 16 31
89 -63.672 6.686 131 0.398 1 5 1 2 4 8 16 31
90 38.635 24.166 159 0.419 1 5 1 2 4 8 16 30
91 186.628 15.230 475 0.762 1 5 1 2 4 8 16 30
92 38.635 24.166 951 1.456 4 3 23 27 29 31
93 186.628 15.230 1030 1.552 5 1 31 31
94 -63.672 6.686 1205 1.764 5 1 31 31
95 -59.786 26.647 1046 1.572 5 1 31 31
96 35.393 -56.404 934 1.435 3 4 13 19 21 25 31
97 -49.133 47.074 39 0.312 1 5 1 2 4 8 16 31
98 -49.133 47.074 82 0.361 1 5 1 2 4 8 16 30
99 24.618 -53.119 127 0.396 1 5 1 2 4 8 16 31
100 -28.319 -12.481 75 0.325 1 5 1 2 4 8 16 31
101 89.239 -45.796 1431 2.039 5 1 31 31
102 58.382 -45.043 114 0.337 1 5 1 2 4 8 16 30
103 -61.978 21.048 150 0.349 1 5 1 2 4 8 16 31
104 -61.078 21.948 619 0.901 1 5 1 2 4 8 16 30
105 -61.078 21.048 1102 1.64 1 5 1 2 4 8 16 30
106 -61.978 21.948 1185 1.74 2 4 5 9 18 20 31
107 -62.978 22.048 1606 2.252 1 5 1 2 4 8 16 31
108 -58.572 16.288 1046 1.572 5 1 31 31
109 -49.157 12.637 114 0.337 1 5 1 2 4 8 16 31
110 -49.157 12.637 150 0.349 2 4 5 9 18 20 31
111 -49.157 12.637 181 0.435 1 5 1 2 4 8 16 31
112 -49.157 12.637 246 0.539 3 4 13 19 21 25 31
113 -56.891 0.612 10 0.312 1 5 1 2 4 8 16 31
114 43.582 27.514 1458 2.072 1 5 1 2 4 8 16 31
115 -63.238 21.898 380 0.669 1 5 1 2 4 8 16 31
116 260.310 44.750 931 1.432 5 1 31 31
117 260.310 44.750 954 1.459 5 1 31 31
118 40.846 -58.849 1063 1.592 3 4 13 19 21 25 31
119 40.846 -58.849 1070 1.6 3 4 13 19 21 25 30
120 40.846 -58.849 1275 1.85 5 1 31 31
121 110.438 -22.958 224 0.467 1 5 1 2 4 8 16 30
122 39.330 -57.834 75 0.325 1 5 1 2 4 8 16 30
123 21.520 -31.121 655 0.936 1 5 1 2 4 8 16 31
124 21.520 -31.121 727 1.007 1 5 1 2 4 8 16 31
125 -63.170 21.011 150 0.348 5 1 31 30
126 153.787 92.756 587 0.871 1 5 1 2 4 8 16 31
127 153.787 92.756 1293 1.872 5 1 31 30
128 13.328 -41.339 727 1.007 1 5 1 2 4 8 16 31
129 -63.330 21.017 727 1.007 1 5 1 2 4 8 16 30
130 -46.744 61.906 727 1.007 2 4 5 9 18 20 30
131 -30.376 34.015 857 1.133 1 5 1 2 4 8 16 30
132 -30.376 34.015 895 1.17 1 5 1 2 4 8 16 30
133 -10.050 -49.286 39 0.312 1 5 1 2 4 8 16 31
134 -10.950 -48.986 75 0.325 1 5 1 2 4 8 16 31
135 -9.950 -49.286 150 0.349 4 3 23 27 29 30
136 -11.950 -48.186 164 0.423 5 1 31 31
137 -10.050 -49.286 196 0.447 3 4 13 19 21 25 30
138 -28.118 7.601 294 0.586 1 5 1 2 4 8 16 30
139 -51.164 21.653 5 0.312 1 5 1 2 4 8 16 30
140 -51.164 21.653 111 0.336 1 5 1 2 4 8 16 31
141 -62.249 19.867 514 0.8 2 4 5 9 18 20 30
142 -62.249 19.867 527 0.812 1 5 1 2 4 8 16 30
143 4.172 -56.138 665 0.947 1 5 1 2 4 8 16 30
144 -62.506 22.649 95 0.371 1 5 1 2 4 8 16 30
145 -62.506 22.649 220 0.514 3 4 13 19 21 25 30
146 -62.506 22.649 781 1.249 4 3 23 27 29 31
147 -47.450 63.022 95 0.371 1 5 1 2 4 8 16 31
148 -60.371 23.875 1273 1.847 1 5 1 2 4 8 16 31
149 -58.961 25.153 271 0.563 1 5 1 2 4 8 16 30
150 55.822 -14.816 29 0.312 2 4 5 9 18 20 30
151 55.822 -14.816 150 0.348 1 5 1 2 4 8 16 31
152 -54.668 -6.311 19 0.312 1 5 1 2 4 8 16 31
153 -54.668 -6.311 75 0.325 1 5 1 2 4 8 16 30
154 -64.306 9.715 291 0.583 1 5 1 2 4 8 16 30
155 -64.306 9.715 436 0.724 1 5 1 2 4 8 16 30
156 28.652 -60.883 451 0.739 3 4 13 19 21 25 31
157 28.652 -60.883 509 0.795 1 5 1 2 4 8 16 31
158 28.652 -60.883 1218 1.779 1 5 1 2 4 8 16 30
159 -59.963 23.246 727 1.007 5 1 31 30
160 -59.963 23.246 825 1.102 1 5 1 2 4 8 16 30
161 -58.105 22.458 224 0.467 1 5 1 2 4 8 16 31
162 -64.684 18.439 818 1.293 1 5 1 2 4 8 16 30
163 -58.582 24.641 112 0.383 2 4 5 9 18 20 30
164 -35.296 -21.283 211 0.458 1 5 1 2 4 8 16 31
165 -62.884 10.864 1202 1.761 3 4 13 19 21 25 31
166 -35.982 70.112 449 0.736 1 5 1 2 4 8 16 30
167 15.806 -34.826 1410 2.014 1 5 1 2 4 8 16 31
168 -64.948 17.746 32 0.312 1 5 1 2 4 8 16 31
169 -64.948 17.746 19 0.312 1 5 1 2 4 8 16 31
170 -64.948 17.746 09 0.312 1 5 1 2 4 8 16 30
171 -64.948 17.746 254 0.547 2 4 5 9 18 20 31
172 -25.026 2.939 164 0.423 1 5 1 2 4 8 16 31
173 33.150 74.177 1112 1.652 3 4 13 19 21 25 31
174 -59.363 26.501 114 0.337 1 5 1 2 4 8 16 30
175 -57.102 12.011 231 0.525 1 5 1 2 4 8 16 30
176 -56.902 13.911 740 1.019 1 5 1 2 4 8 16 30
177 -57.102 12.911 830 1.308 2 4 5 9 18 20 31
178 -63.373 21.986 1070 1.6 1 5 1 2 4 8 16 31
179 -63.373 21.986 1070 1.6 1 5 1 2 4 8 16 31
180 90.027 -45.719 2150 2.913 5 1 31 31
181 90.927 -46.719 2685 3.563 5 1 31 31
182 90.478 -45.139 255 0.548 1 5 1 2 4 8 16 30
183 64.958 -53.264 913 1.409 1 5 1 2 4 8 16 31
184 64.958 -53.264 1026 1.547 1 5 1 2 4 8 16 31
185 -45.081 24.968 587 0.871 1 5 1 2 4 8 16 31
186 -45.981 24.068 688 0.969 1 5 1 2 4 8 16 31
187 -45.081 23.468 1290 1.867 5 1 31 30
188 -53.357 8.902 48 0.315 1 5 1 2 4 8 16 30
189 -60.839 19.627 825 1.302 1 5 1 2 4 8 16 30
190 23.177 -61.989 1254 1.824 5 1 31 30
191 22.077 -61.089 1602 2.247 5 1 31 31
192 22.177 -61.589 1741 2.415 1 5 1 2 4 8 16 31
193 12.727 -37.061 1222 1.785 1 5 1 2 4 8 16 30
194 73.546 102.990 440 0.728 1 5 1 2 4 8 16 31
195 -40.222 -7.730 39 0.312 1 5 1 2 4 8 16 31
196 89.035 -48.049 320 0.611 1 5 1 2 4 8 16 31
197 88.035 -49.749 1407 2.01 5 1 31 30
198 15.728 -35.198 1410 2.014 1 5 1 2 4 8 16 31
199 40.592 -59.587
200 -63.376 21.828
201 35.248 15.572          
