4 5 293 2 15.0
1 20 250 60 110.812 0.388
2 20 720 55 189.004 0.578
3 20 2400 55 403.72 0.907
4 20 4500 50 392.66 0.87
5 20 8400 45 563.766 1.293
1 95.88 75.67 76 0.290 1 4 1 2 4 8 30
2 158.71 37.59 30 0.176 1 4 1 2 4 8 17
3 51.60 13.25 348 0.972 4 1 15 14
4 74.82 58.58 432 1.181 1 1 8 7
5 146.31 41.20 48 0.221 1 4 1 2 4 8 15
6 130.43 42.87 58 0.247 4 1 15 15
7 183.99 -16.49 243 0.709 3 1 7 11
8 15.35 -34.15 422 1.156 1 4 1 2 4 8 7
9 -1.88 8.44 172 0.532 2 3 5 12 10 15
10 162.78 64.69 31 0.179 1 4 1 2 4 8 31
11 36.05 6.96 414 1.137 1 4 1 2 4 8 2
12 156.22 48.41 234 0.687 3 2 14 7 14
13 48.86 23.65 295 0.840 2 2 3 5 6
14 145.89 33.46 379 1.050 1 3 8 2 4 15
15 55.17 49.86 590 1.576 4 1 15 5
16 94.80 58.93 252 0.732 2 2 3 6 13
17 10.48 50.63 428 1.170 4 1 15 3
18 140.92 54.69 108 0.371 1 4 1 2 4 8 29
19 32.64 1.47 105 0.365 1 1 1 15
20 140.26 -3.60 60 0.250 3 2 11 14 31
21 -8.51 61.38 34 0.185 3 3 7 11 13 31
22 184.10 41.80 107 0.368 1 4 1 2 4 8 31
23 169.30 61.04 234 0.685 2 3 6 5 12 15
24 45.15 5.29 342 0.957 3 3 11 14 13 9
25 -0.51 51.34 128 0.422 4 1 15 27
26 123.43 -14.90 103 0.359 1 4 1 2 4 8 30
27 193.11 41.45 428 1.170 1 2 8 2 5
28 10.49 65.74 343 0.958 1 4 1 2 4 8 11
29 160.57 65.15 59 0.249 3 3 13 11 7 14
30 62.52 17.34 336 0.942 1 2 8 2 3
31 12.72 -2.87 175 0.538 3 2 14 7 13
32 187.42 -25.10 527 1.419 4 1 15 5
33 -4.81 66.61 39 0.200 1 4 1 2 4 8 28
34 101.48 -20.28 432 1.180 2 2 5 9 7
35 77.55 -10.00 375 1.038 3 1 14 15
36 174.79 36.07 564 1.510 1 4 1 2 4 8 3
37 189.89 66.42 131 0.429 3 3 13 7 11 31
38 1.33 71.54 59 0.250 1 4 1 2 4 8 31
39 -10.05 -29.67 473 1.285 1 4 1 2 4 8 7
40 150.99 43.21 410 1.126 2 2 6 9 7
41 175.85 65.93 4 0.111 1 3 1 8 2 31
42 62.13 53.17 641 1.705 1 4 1 2 4 8 5
43 128.63 63.29 449 1.224 2 2 12 3 7
44 202.84 43.31 108 0.370 2 3 5 6 3 19
45 165.06 -13.18 304 0.860 2 2 9 5 15
46 -1.16 -18.11 459 1.250 4 1 15 7
47 168.03 -25.79 465 1.263 3 1 13 7
48 27.44 65.86 175 0.539 4 1 15 10
49 -7.53 -1.34 87 0.318 4 1 15 19
50 185.80 19.85 39 0.199 1 4 1 2 4 8 31
51 13.02 27.95 58 0.246 4 1 15 13
52 91.63 -31.85 58 0.247 1 4 1 2 4 8 13
53 136.91 -19.70 416 1.141 2 2 5 12 6
54 91.27 -31.91 130 0.427 1 2 1 8 16
55 190.76 -3.16 9 0.125 1 4 1 2 4 8 12
56 65.85 63.47 291 0.828 4 1 15 10
57 134.89 -31.31 763 2.009 3 1 11 6
58 149.61 50.29 371 1.030 4 1 15 11
59 184.02 54.86 378 1.046 3 1 13 15
60 108.38 3.64 333 0.934 3 1 7 5
61 196.43 70.69 15 0.139 2 1 3 31
62 157.01 7.84 39 0.199 2 1 3 26
63 17.80 32.00 58 0.247 1 4 1 2 4 8 23
64 23.98 52.39 174 0.536 1 4 1 2 4 8 14
65 66.37 8.51 30 0.176 1 4 1 2 4 8 22
66 187.13 8.26 30 0.175 2 3 3 6 9 30
67 76.12 -18.08 290 0.826 3 1 13 11
68 14.14 -32.61 567 1.519 1 1 2 7
69 35.75 -7.76 15 0.139 1 4 1 2 4 8 27
70 104.25 -21.17 379 1.048 1 4 1 2 4 8 13
71 151.39 45.31 368 1.022 4 1 15 13
72 61.61 63.53 412 1.130 2 1 12 7
73 56.59 3.80 309 0.873 1 4 1 2 4 8 3
74 114.31 41.88 136 0.442 3 2 13 14 15
75 168.42 -19.68 247 0.718 1 4 1 2 4 8 13
76 103.53 1.84 30 0.176 1 4 1 2 4 8 15
77 151.23 40.83 15 0.139 4 1 15 31
78 148.47 35.08 15 0.139 2 2 10 3 21
79 96.70 29.56 45 0.214 2 3 5 6 12 11
80 125.37 73.79 49 0.224 1 3 2 1 4 15
81 151.89 34.66 17 0.145 2 1 5 27
82 19.40 -28.23 30 0.175 1 1 1 31
83 141.70 43.97 509 1.374 2 3 10 3 12 4
84 47.27 -23.91 38 0.195 3 2 13 14 29
85 73.13 -9.70 340 0.952 1 4 1 2 4 8 15
86 23.04 -9.88 180 0.550 3 3 11 13 14 7
87 54.75 6.90 84 0.312 1 1 1 15
88 192.86 58.96 17 0.143 3 3 14 13 11 30
89 95.79 6.75 378 1.046 1 4 1 2 4 8 13
90 169.91 -2.98 127 0.420 3 3 7 14 13 31
91 18.12 52.94 449 1.223 1 4 1 2 4 8 6
92 70.05 24.56 52 0.230 2 2 3 10 30
93 52.78 4.47 127 0.419 1 4 1 2 4 8 31
94 14.32 57.62 339 0.948 4 1 15 13
95 54.44 21.30 203 0.608 1 3 4 2 8 6
96 118.74 -21.83 45 0.213 3 3 7 13 14 29
97 23.34 75.07 473 1.285 2 2 5 3 7
98 76.01 -16.28 441 1.204 1 3 2 4 8 4
99 171.68 65.01 509 1.374 2 2 10 12 6
100 93.63 42.17 30 0.175 2 1 5 5
101 145.59 12.85 514 1.386 1 4 1 2 4 8 7
102 56.65 64.88 648 1.720 2 3 5 6 10 7
103 -9.63 -6.67 129 0.424 2 1 10 29
104 190.37 41.66 38 0.195 1 2 2 8 23
105 171.60 49.01 120 0.402 3 1 14 31
106 32.87 23.13 364 1.012 2 2 9 5 13
107 99.91 17.42 245 0.715 2 1 10 14
108 17.86 72.34 30 0.176 3 3 7 13 14 15
109 144.70 72.16 326 0.917 2 2 9 12 14
110 3.87 4.70 234 0.687 2 1 10 12
111 114.01 -22.66 364 1.010 3 3 7 14 11 10
112 144.61 -31.72 244 0.710 2 3 3 10 9 2
113 75.92 -22.86 653 1.733 1 2 1 4 6
114 7.04 44.14 30 0.176 1 4 1 2 4 8 14
115 174.94 55.49 479 1.299 1 4 1 2 4 8 1
116 109.27 55.90 612 1.631 3 2 11 7 5
117 167.42 17.99 30 0.176 3 3 13 7 14 7
118 73.07 -4.59 30 0.175 1 4 1 2 4 8 22
119 158.54 53.53 333 0.934 3 2 13 7 14
120 56.75 -7.94 60 0.250 3 2 7 14 23
121 74.93 9.65 27 0.169 4 1 15 31
122 178.05 -29.26 463 1.258 2 2 6 3 7
123 59.47 63.37 290 0.827 1 4 1 2 4 8 11
124 84.37 12.19 432 1.182 1 3 2 1 4 3
125 30.57 -33.13 33 0.185 2 1 9 29
126 63.71 14.24 107 0.368 1 4 1 2 4 8 13
127 96.36 62.14 548 1.471 1 4 1 2 4 8 6
128 62.97 5.40 439 1.198 3 3 7 13 14 3
129 41.97 5.12 606 1.616 1 1 2 5
130 112.51 -31.24 52 0.232 2 3 12 10 6 19
131 43.62 -0.70 30 0.175 1 2 4 8 10
132 201.01 -10.98 234 0.687 1 4 1 2 4 8 7
133 41.93 -16.85 363 1.009 1 4 1 2 4 8 1
134 78.56 54.88 428 1.170 2 2 10 12 6
135 105.61 32.78 58 0.247 2 3 12 6 10 25
136 40.75 -10.44 594 1.586 2 2 6 5 3
137 110.69 -9.19 45 0.213 1 1 2 3
138 49.85 15.03 101 0.354 2 1 9 28
139 89.07 67.72 60 0.250 1 4 1 2 4 8 31
140 86.22 4.75 171 0.529 1 4 1 2 4 8 13
141 133.47 -26.89 129 0.423 1 4 1 2 4 8 23
142 126.96 8.13 303 0.859 1 4 1 2 4 8 13
143 63.85 -16.25 15 0.139 3 2 7 11 10
144 134.41 -11.56 7 0.119 4 1 15 19
145 39.63 -32.49 47 0.219 1 4 1 2 4 8 7
146 167.88 -33.57 39 0.199 2 2 6 9 29
147 20.35 31.21 58 0.247 1 4 1 2 4 8 23
148 58.72 8.38 485 1.313 3 1 14 4
149 23.97 62.40 204 0.612 2 2 10 3 15
150 69.44 -2.84 15 0.139 2 3 3 9 5 31
151 108.58 20.70 51 0.229 4 1 15 19
152 128.31 28.29 60 0.250 2 3 3 9 12 7
153 22.78 61.19 60 0.250 2 3 12 10 3 31
154 24.86 -17.91 482 1.307 3 1 14 7
155 169.01 30.36 508 1.370 4 1 15 3
156 188.61 33.87 415 1.139 2 3 3 5 9 7
157 163.21 -27.34 456 1.241 3 1 13 7
158 -5.79 43.82 117 0.393 2 2 12 10 1
159 2.96 67.88 174 0.536 3 3 7 11 14 15
160 115.85 30.60 205 0.613 2 3 12 3 5 15
161 86.75 20.57 189 0.573 3 1 7 13
162 205.20 -1.50 249 0.723 2 3 9 12 10 15
163 121.02 -23.04 260 0.752 3 3 13 7 14 7
164 55.20 54.23 78 0.296 2 1 9 7
165 44.35 -13.69 428 1.170 3 2 13 14 7
166 121.70 52.22 89 0.324 1 4 1 2 4 8 15
167 83.63 37.62 509 1.375 1 4 1 2 4 8 6
168 27.23 71.74 88 0.321 1 3 8 4 2 27
169 183.23 -31.90 45 0.214 1 3 2 8 4 23
170 72.59 60.03 58 0.247 2 2 10 3 31
171 27.65 75.20 441 1.203 2 2 6 12 7
172 29.00 -22.18 68 0.270 3 1 11 6
173 14.89 -24.12 45 0.214 1 3 8 4 1 27
174 199.47 58.58 30 0.176 2 2 3 6 9
175 69.22 74.89 410 1.126 4 1 15 13
176 155.44 -22.22 30 0.175 4 1 15 27
177 120.70 66.13 30 0.176 1 4 1 2 4 8 28
178 170.27 38.60 125 0.414 2 1 9 31
179 -5.07 58.04 30 0.175 3 2 14 11 4
180 92.56 51.40 418 1.146 4 1 15 5
181 108.35 72.69 410 1.125 1 4 1 2 4 8 15
182 107.93 20.91 378 1.046 1 4 1 2 4 8 10
183 62.88 29.61 428 1.170 4 1 15 6
184 146.02 40.94 699 1.848 1 1 1 4
185 166.70 75.13 331 0.928 1 4 1 2 4 8 11
186 146.18 66.54 89 0.324 1 2 4 1 28
187 73.17 28.38 234 0.687 1 1 4 11
188 205.30 8.48 592 1.582 1 4 1 2 4 8 6
189 190.16 -32.03 428 1.170 2 3 12 3 6 7
190 20.59 -18.48 60 0.250 4 1 15 27
191 151.04 67.80 344 0.961 1 4 1 2 4 8 15
192 148.75 42.22 174 0.537 4 1 15 15
193 104.98 -15.31 105 0.364 4 1 15 15
194 19.35 49.97 30 0.175 1 4 1 2 4 8 27
195 109.89 15.98 106 0.367 4 1 15 30
196 100.05 35.29 72 0.282 3 2 7 14 15
197 -8.65 9.32 42 0.206 1 4 1 2 4 8 31
198 157.45 3.24 30 0.176 1 4 1 2 4 8 15
199 153.07 13.56 292 0.831 2 3 12 5 9 1
200 67.39 36.90 179 0.548 2 1 6 1
201 79.16 14.73 563 1.509 1 3 4 8 2 3
202 69.67 49.94 83 0.310 2 2 12 9 27
203 53.68 63.76 105 0.364 1 4 1 2 4 8 26
204 28.80 0.72 129 0.423 4 1 15 23
205 67.45 -32.24 65 0.263 1 4 1 2 4 8 31
206 170.17 8.76 371 1.029 2 1 3 15
207 33.04 14.84 290 0.827 1 2 4 8 7
208 57.12 54.92 256 0.742 2 3 5 12 3 14
209 118.45 41.52 332 0.932 3 1 11 14
210 172.96 14.88 3 0.109 2 2 6 9 28
211 -5.80 31.27 381 1.054 2 1 9 9
212 11.72 32.49 30 0.176 1 4 1 2 4 8 15
213 -2.20 55.58 348 0.972 3 1 14 11
214 5.41 68.25 30 0.175 3 1 14 30
215 131.13 9.57 372 1.030 3 1 7 4
216 29.55 75.56 410 1.126 1 2 4 8 14
217 18.40 63.27 476 1.292 3 2 14 13 7
218 169.17 43.43 374 1.037 1 1 4 15
219 74.72 52.74 88 0.322 1 1 4 21
220 174.10 24.55 204 0.611 1 4 1 2 4 8 15
221 177.76 37.78 363 1.009 3 2 7 13 7
222 160.02 -22.98 451 1.229 3 3 7 14 11 5
223 69.85 -5.76 442 1.205 4 1 15 7
224 154.24 62.67 436 1.192 3 1 13 3
225 129.88 -2.79 410 1.126 2 2 3 9 6
226 194.83 53.36 358 0.995 4 1 15 14
227 160.12 -28.83 45 0.214 1 1 8 23
228 82.22 63.69 4 0.110 2 2 9 5 19
229 -5.07 38.92 383 1.058 3 3 13 7 14 15
230 163.16 21.01 510 1.376 1 1 2 7
231 190.14 51.04 510 1.375 4 1 15 4
232 -7.90 52.83 30 0.176 1 1 1 31
233 39.25 31.28 228 0.670 1 4 1 2 4 8 15
234 23.80 -26.41 83 0.308 1 4 1 2 4 8 7
235 143.41 -32.81 15 0.139 1 2 4 8 15
236 8.20 64.83 292 0.831 1 1 1 9
237 61.95 -28.66 290 0.827 3 3 14 13 11 7
238 53.90 -3.74 127 0.419 1 4 1 2 4 8 29
239 127.22 20.55 383 1.059 1 4 1 2 4 8 11
240 108.53 52.13 15 0.139 3 2 11 13 21
241 188.69 -33.75 487 1.318 1 4 1 2 4 8 6
242 90.05 -1.38 205 0.613 1 4 1 2 4 8 13
243 193.42 -18.80 166 0.517 1 3 1 2 4 14
244 140.03 30.16 190 0.576 2 1 3 15
245 106.54 10.59 344 0.961 1 4 1 2 4 8 15
246 192.33 55.95 441 1.204 1 4 1 2 4 8 7
247 110.49 54.78 412 1.132 1 4 1 2 4 8 7
248 74.30 3.20 371 1.029 2 1 12 15
249 130.36 74.76 38 0.195 2 1 6 31
250 135.06 0.26 169 0.524 4 1 15 14
251 179.17 73.19 326 0.916 1 4 1 2 4 8 15
252 35.83 3.23 60 0.250 3 2 14 13 28
253 -2.03 -13.93 290 0.826 1 4 1 2 4 8 11
254 2.54 50.94 87 0.319 1 2 8 4 13
255 92.17 25.64 30 0.175 3 2 14 13 9
256 197.17 -26.18 510 1.375 3 2 7 11 4
257 59.52 48.46 162 0.505 3 1 7 14
258 33.09 -12.57 30 0.175 2 3 5 6 3 25
259 26.20 38.10 356 0.992 4 1 15 6
260 137.45 56.69 481 1.305 2 1 6 7
261 113.08 -25.70 131 0.430 1 3 2 4 8 31
262 68.46 0.88 7 0.119 3 3 11 13 14 30
263 78.04 28.27 482 1.307 2 1 6 5
264 185.69 38.21 234 0.687 2 3 12 5 10 11
265 81.31 -19.45 75 0.289 1 3 2 8 1 23
266 143.10 52.39 342 0.956 1 4 1 2 4 8 15
267 110.04 -19.58 497 1.343 3 1 11 3
268 88.67 31.56 203 0.609 2 2 5 9 3
269 117.34 76.39 418 1.146 2 3 6 3 9 7
270 99.13 -2.67 528 1.421 1 1 8 7
271 168.59 62.93 38 0.196 4 1 15 17
272 39.85 53.63 573 1.535 1 4 1 2 4 8 7
273 151.57 2.14 82 0.307 3 3 11 7 13 31
274 160.10 31.82 451 1.229 2 1 3 7
275 192.39 55.06 292 0.831 1 4 1 2 4 8 7
276 17.80 60.75 180 0.550 1 4 1 2 4 8 3
277 101.27 74.12 15 0.139 1 4 1 2 4 8 31
278 43.47 38.28 60 0.250 4 1 15 30
279 187.56 46.43 174 0.536 1 3 4 2 1 2
280 17.13 13.09 323 0.909 1 4 1 2 4 8 15
281 125.91 26.70 2 0.105 3 1 11 31
282 130.20 16.91 383 1.058 2 3 6 3 10 13
283 25.67 43.58 571 1.529 2 2 6 3 6
284 182.76 69.69 50 0.227 3 3 7 13 14 29
285 205.01 52.50 226 0.666 1 2 4 1 11
286 150.58 6.75 356 0.992 4 1 15 3
287 58.18 31.09 378 1.045 4 1 15 7
288 121.68 12.50 85 0.313 3 2 13 11 7
289 2.00 73.70 301 0.853 1 4 1 2 4 8 14
290 117.38 -11.32 174 0.536 3 1 11 10
291 124.81 59.61 107 0.369 2 2 6 12 26
292 4.87 63.85 60 0.250 1 4 1 2 4 8 15
293 202.81 -30.77 338 0.946 4 1 15 7
294 -0.62 -27.14
295 54.50 -30.78
