3 5 47 2 15.0
1 20 250 60 128.875 0.382
2 20 720 55 176.425 0.508
3 20 2400 55 327.03 0.846
4 20 4500 50 467.979 1.077
5 20 8400 45 521.958 1.374
1 26.18 70.06 30 0.176 2 1 6 31
2 201.02 46.65 174 0.536 3 1 7 14
3 97.76 -31.74 310 0.877 3 1 7 15
4 73.64 -15.82 174 0.536 2 1 6 12
5 107.28 56.77 383 1.058 1 3 1 2 4 7
6 15.40 36.06 244 0.711 1 2 4 1 1
7 116.42 7.40 30 0.175 1 3 1 2 4 19
8 9.07 46.98 374 1.035 2 1 3 11
9 116.63 18.02 129 0.423 1 3 1 2 4 30
10 38.97 8.12 553 1.483 2 1 6 2
11 188.05 -16.08 174 0.536 1 3 1 2 4 3
12 188.38 60.68 372 1.031 3 1 7 13
13 141.75 -5.68 175 0.538 3 1 7 11
14 31.71 53.55 341 0.953 1 3 1 2 4 1
15 116.99 21.20 563 1.510 3 1 7 5
16 52.19 16.85 60 0.250 1 3 1 2 4 29
17 39.66 61.31 363 1.009 1 3 1 2 4 14
18 197.80 -2.35 30 0.175 2 2 5 3 13
19 95.79 27.32 450 1.226 1 2 2 1 7
20 -7.39 12.52 261 0.754 2 2 5 6 13
21 0.73 11.10 551 1.479 1 1 2 6
22 82.49 63.57 332 0.932 3 1 7 13
23 62.84 30.66 186 0.566 1 3 1 2 4 14
24 105.12 -22.60 410 1.126 2 1 5 13
25 119.21 44.78 538 1.446 1 3 1 2 4 5
26 124.38 41.21 343 0.958 1 3 1 2 4 5
27 0.32 -13.82 305 0.865 2 2 6 3 7
28 150.80 4.47 374 1.036 1 3 1 2 4 9
29 130.21 -21.36 87 0.319 2 2 6 5 7
30 99.56 70.27 53 0.233 1 1 4 31
31 92.51 59.01 559 1.498 1 3 1 2 4 7
32 94.86 9.49 13 0.133 1 3 1 2 4 10
33 194.47 67.91 83 0.310 1 3 1 2 4 27
34 2.34 68.80 30 0.175 1 3 1 2 4 24
35 120.02 -15.31 30 0.175 3 1 7 21
36 182.35 20.95 30 0.176 3 1 7 10
37 -7.93 54.52 182 0.557 1 3 1 2 4 13
38 173.41 64.30 30 0.175 2 2 5 6 27
39 154.64 75.62 426 1.166 2 1 6 7
40 12.10 46.53 105 0.365 2 2 5 6 23
41 56.33 -7.96 87 0.319 2 1 5 31
42 157.14 44.87 369 1.023 1 2 4 1 15
43 200.02 -6.32 89 0.324 2 1 6 25
44 201.55 -26.85 278 0.796 2 2 6 3 15
45 173.12 -6.86 30 0.175 2 2 5 6 31
46 177.62 66.48 480 1.302 1 2 4 2 2
47 150.21 25.23 342 0.957 1 3 1 2 4 15
48 33.89 24.59
49 109.83 -21.81
