5 5 95 2 15.0
1 20 250 60 118 0.36
2 20 720 55 175 0.56
3 20 2400 55 357 0.85
4 20 4500 50 443 1.00
5 20 8400 45 528 1.40
1 -22.184 -9.279 65 0.312 1 5 1 2 4 8 16 31
2 -22.984 -9.979 328 0.619 2 4 5 9 18 20 31
3 -22.084 -9.979 264 0.386 1 5 1 2 4 8 16 30
4 -22.784 -9.279 76 0.337 3 4 13 19 21 25 31
5 -22.584 -9.179 945 1.219 1 5 1 2 4 8 16 31
6 -22.184 -9.579 416 0.704 5 1 31 30
7 -21.155 8.597 909 1.563 2 4 5 9 18 20 31
8 -22.509 -10.388 1138 1.880 5 1 31 30
9 -24.703 -4.985 1152 1.901 1 5 1 2 4 8 16 31
10 -22.156 -8.317 881 1.523 1 5 1 2 4 8 16 31
11 -21.591 -10.909 835 1.460 5 1 31 31
12 -21.691 -10.809 925 1.585 2 4 5 9 18 20 31
13 -23.465 -2.416 1586 2.503 1 5 1 2 4 8 16 30
14 68.494 -43.628 19 0.312 1 5 1 2 4 8 16 31
15 68.594 -43.228 1389 2.229 1 5 1 2 4 8 16 30
16 73.931 -41.992 726 1.006 1 5 1 2 4 8 16 31
17 -25.83 -2.353 862 1.496 4 3 23 27 29 31
18 1.772 34.412 858 1.491 1 5 1 2 4 8 16 31
19 1.772 34.412 858 1.491 1 5 1 2 4 8 16 30
20 -22.546 8.457 955 1.627 4 3 23 27 29 31
21 -25.094 -6.251 1425 2.280 1 5 1 2 4 8 16 30
22 2.027 34.439 39 0.312 3 4 13 19 21 25 31
23 2.027 34.439 347 0.637 1 5 1 2 4 8 16 31
24 2.027 34.439 193 0.457 1 5 1 2 4 8 16 30
25 -12.538 9.635 75 0.325 1 5 1 2 4 8 16 31
26 -22 -9.905 1473 2.345 5 1 31 31
27 -22 -9.905 1500 2.383 5 1 31 31
28 -22.886 3.105 436 0.724 1 5 1 2 4 8 16 30
29 -24.037 2.688 1129 1.868 2 4 5 9 18 20 31
30 -24.037 2.688 934 1.597 2 4 5 9 18 20 31
31 -13.272 11.619 75 0.325 1 5 1 2 4 8 16 31
32 -13.272 11.619 264 0.514 1 5 1 2 4 8 16 30
33 58.975 -46.179 930 1.592 2 4 5 9 18 20 31
34 58.175 -46.979 956 1.230 3 4 13 19 21 25 30
35 58.975 -46.879 428 0.716 1 5 1 2 4 8 16 31
36 58.175 -46.179 895 1.543 1 5 1 2 4 8 16 30
37 -2.338 27.934 949 1.618 3 4 13 19 21 25 31
38 -2.838 27.734 868 1.506 3 4 13 19 21 25 30
39 -2.331 27.556 1026 1.726 1 5 1 2 4 8 16 31
40 -2.931 27.156 311 0.602 1 5 1 2 4 8 16 31
41 -24.123 0.923 30 0.312 1 5 1 2 4 8 16 31
42 -24.523 0.723 512 0.798 1 5 1 2 4 8 16 31
43 -24.023 0.323 76 0.337 1 5 1 2 4 8 16 30
44 -11.808 -16.857 1159 1.909 2 4 5 9 18 20 30
45 -22.210 -10.974 1317 2.129 5 1 31 31
46 -22.280 -10.074 849 1.479 5 1 31 30
47 -22.210 -10.974 826 1.447 4 3 23 27 29 31
48 -3.125 13.542 1181 1.940 5 1 31 31
49 -22.107 -10.898 804 1.416 5 1 31 30
50 -22.507 -10.598 909 1.562 5 1 31 30
51 8.9 -24.709 76 0.337 1 5 1 2 4 8 16 31
52 8.9 -24.709 900 1.551 1 5 1 2 4 8 16 30
53 -12.124 5.015 909 1.563 2 4 5 9 18 20 31
54 -25.388 -2.542 853 1.484 4 3 23 27 29 30
55 38.076 46.963 1496 2.378 5 1 31 31
56 -23.486 -3.084 436 0.724 1 5 1 2 4 8 16 31
57 -23.486 -3.084 75 0.325 1 5 1 2 4 8 16 30
58 -18.89 9.198 76 0.337 1 5 1 2 4 8 16 31
59 -18.89 9.198 206 0.467 3 4 13 19 21 25 30
60 -25.26 -1.317 341 0.631 1 5 1 2 4 8 16 31
61 -25.26 -1.317 646 0.928 1 5 1 2 4 8 16 30
62 1.732 34.787 608 0.892 4 3 23 27 29 30
63 59.842 -46.634 75 0.325 1 5 1 2 4 8 16 30
64 71.212 -44.33 1324 2.138 1 5 1 2 4 8 16 31
65 31.093 45.645 436 0.724 1 5 1 2 4 8 16 31
66 31.993 45.545 211 0.472 3 4 13 19 21 25 31
67 31.093 45.145 323 0.562 2 4 5 9 18 20 31
68 -24.514 3.78 75 0.325 1 5 1 2 4 8 16 31
69 -17.154 -11.245 104 0.350 1 5 1 2 4 8 16 31
70 -22.303 -9.972 1276 2.072 1 5 1 2 4 8 16 31
71 -22.003 -9.572 872 1.148 1 5 1 2 4 8 16 30
72 -22.432 -6.772 1128 1.867 5 1 31 31
73 -22.932 -6.172 841 1.469 5 1 31 31
74 -24.101 0.756 860 1.495 5 1 31 30
75 -14.521 11.824 100 0.349 1 5 1 2 4 8 16 31
76 -24.032 0.328 925 1.585 5 1 31 30
77 -24.132 0.928 332 0.623 1 5 1 2 4 8 16 30
78 -24.566 -2.845 844 1.472 4 3 23 27 29 31
79 20.866 -30.353 942 1.608 2 4 5 9 18 20 31
80 1.771 34.847 727 1.007 1 5 1 2 4 8 16 30
81 2.894 -21.748 1179 1.937 5 1 31 31
82 36.379 37.971 880 1.155 1 5 1 2 4 8 16 31
83 9.055 37.531 936 1.600 4 3 23 27 29 31
84 28.031 -26.02 1120 1.855 1 5 1 2 4 8 16 31
85 -16.639 -2.652 929 1.590 4 3 23 27 29 31
86 -2.678 27.377 318 0.609 1 5 1 2 4 8 16 31
87 7.412 37.113 126 0.361 1 5 1 2 4 8 16 31
88 7.412 37.913 507 0.793 3 4 13 19 21 25 30
89 -9.654 -14.626 1198 1.963 2 4 5 9 18 20 31
90 -9.154 -14.126 582 0.866 5 1 31 30
91 -25.553 -2.806 146 0.371 1 5 1 2 4 8 16 31
92 -25.153 -2.106 323 0.562 1 5 1 2 4 8 16 30
93 55.084 -44.141 869 1.145 2 4 5 9 18 20 31
94 55.284 -44.941 257 0.508 4 3 23 27 29 30
95 4.411 36.033 149 0.420 1 5 1 2 4 8 16 31
96 -24.108 -2.923
97 23.108 -1.654
