3 5 234 3 15.0
1 20 250 60 125.2 0.315
2 20 720 55 182.965 0.571
3 20 2400 55 313.262 0.874
4 20 4500 50 505.919 0.932
5 20 8400 45 469.781 1.215
1 169.14 -2.39 529 1.424 2 1 5 5
2 94.45 -2.81 510 1.376 3 1 7 7
3 1.08 10.47 15 0.139 3 1 7 31
4 205.13 23.09 78 0.296 2 2 3 5 23
5 41.26 -20.31 246 0.716 2 1 6 13
6 58.31 47.05 594 1.585 2 1 6 6
7 143.80 -8.06 488 1.322 3 1 7 5
8 82.51 -27.07 554 1.487 1 3 1 2 4 7
9 205.71 31.60 44 0.212 1 3 1 2 4 27
10 109.28 4.90 587 1.569 3 1 7 7
11 66.94 26.04 30 0.175 1 2 2 4 19
12 102.02 65.43 439 1.199 1 1 4 7
13 102.38 67.12 378 1.046 3 1 7 8
14 190.99 28.72 522 1.406 1 3 1 2 4 7
15 15.66 -25.29 473 1.283 1 3 1 2 4 7
16 -9.61 -7.89 521 1.404 2 2 3 5 7
17 62.11 1.23 373 1.034 1 3 1 2 4 15
18 -3.60 69.45 428 1.170 1 3 1 2 4 3
19 159.21 72.40 218 0.645 1 3 1 2 4 12
20 111.56 -7.94 260 0.751 3 1 7 7
21 97.73 25.90 263 0.759 2 2 3 5 15
22 146.03 63.66 293 0.834 2 2 5 6 11
23 162.60 28.21 30 0.175 2 2 5 3 24
24 58.68 47.65 89 0.324 1 3 1 2 4 30
25 196.55 10.26 401 1.104 1 1 2 13
26 42.93 53.85 203 0.608 3 1 7 15
27 22.69 11.62 57 0.243 1 3 1 2 4 27
28 147.31 -10.72 88 0.320 3 1 7 28
29 151.92 13.98 15 0.139 3 1 7 31
30 120.39 3.87 290 0.827 2 1 6 15
31 73.85 0.28 234 0.687 2 1 3 15
32 103.12 49.85 418 1.147 1 3 1 2 4 7
33 65.72 65.73 383 1.058 1 3 1 2 4 10
34 193.53 67.32 7 0.118 2 1 6 31
35 36.70 -13.63 358 0.995 3 1 7 7
36 92.99 48.15 180 0.550 3 1 7 11
37 87.86 61.64 30 0.175 3 1 7 30
38 124.09 -27.27 512 1.380 1 3 1 2 4 7
39 83.36 -1.63 637 1.695 2 2 5 6 7
40 34.41 71.93 30 0.175 1 3 1 2 4 15
41 151.25 -27.04 117 0.394 2 1 3 31
42 115.75 4.52 38 0.195 2 2 3 5 21
43 144.39 46.72 129 0.423 1 3 1 2 4 20
44 185.47 63.56 88 0.320 1 3 1 2 4 11
45 64.19 27.74 30 0.175 2 2 3 6 22
46 120.43 -14.80 30 0.175 2 2 6 3 31
47 107.14 13.87 101 0.354 2 1 6 19
48 179.92 37.64 34 0.185 2 1 5 28
49 18.38 6.29 6 0.115 2 1 3 31
50 52.81 15.64 7 0.119 3 1 7 15
51 59.78 -3.97 174 0.536 3 1 7 12
52 75.30 42.73 371 1.029 1 3 1 2 4 4
53 57.49 -30.60 15 0.139 1 3 1 2 4 10
54 92.89 -13.36 588 1.571 2 1 5 4
55 110.82 27.33 22 0.155 1 3 1 2 4 21
56 137.49 -29.21 438 1.197 2 1 3 1
57 56.90 11.78 30 0.176 2 1 3 31
58 182.02 68.20 7 0.119 3 1 7 23
59 13.23 -1.59 677 1.793 2 2 3 6 3
60 117.56 25.78 12 0.131 3 1 7 15
61 99.15 -14.97 44 0.212 3 1 7 30
62 123.96 61.73 290 0.827 2 1 6 15
63 141.42 21.30 30 0.175 1 3 1 2 4 31
64 79.13 14.90 4 0.112 1 3 1 2 4 31
65 69.29 58.76 60 0.251 3 1 7 26
66 44.96 -23.60 15 0.139 2 2 3 6 25
67 85.74 62.70 418 1.147 1 1 4 5
68 19.93 7.17 238 0.695 1 2 2 4 15
69 136.23 43.73 386 1.066 3 1 7 11
70 121.76 49.21 606 1.616 1 3 1 2 4 7
71 18.52 21.21 580 1.550 1 3 1 2 4 7
72 29.74 15.50 40 0.201 3 1 7 30
73 165.31 -17.40 454 1.236 1 3 1 2 4 6
74 104.32 23.00 174 0.536 1 3 1 2 4 14
75 56.17 54.68 373 1.034 3 1 7 13
76 170.17 -2.98 129 0.423 2 1 6 31
77 11.76 14.13 563 1.509 3 1 7 5
78 41.97 -33.49 148 0.471 1 3 1 2 4 15
79 189.40 0.29 89 0.324 1 1 1 10
80 80.37 69.95 46 0.215 3 1 7 15
81 64.99 -33.32 30 0.175 3 1 7 31
82 14.98 67.31 30 0.175 1 3 1 2 4 18
83 146.43 73.26 570 1.527 1 3 1 2 4 5
84 53.58 32.41 60 0.250 2 2 6 3 31
85 71.11 4.84 335 0.940 1 3 1 2 4 15
86 183.01 16.05 34 0.186 2 2 5 6 14
87 189.70 -9.55 7 0.119 1 3 1 2 4 15
88 97.89 -14.08 555 1.488 3 1 7 7
89 85.29 -26.57 30 0.175 1 2 4 1 30
90 73.78 14.71 418 1.146 2 2 6 5 5
91 42.68 66.61 116 0.391 1 1 2 31
92 52.58 5.36 60 0.250 2 2 3 5 29
93 96.36 63.38 383 1.059 1 3 1 2 4 14
94 111.40 56.16 415 1.138 2 1 6 4
95 76.10 25.62 30 0.175 2 1 5 30
96 91.76 43.16 102 0.355 2 1 6 17
97 44.02 -17.21 571 1.529 1 2 1 2 2
98 77.79 45.05 78 0.296 1 2 2 4 31
99 -6.00 51.56 30 0.176 2 1 5 14
100 88.60 -23.62 204 0.611 1 3 1 2 4 15
101 4.64 68.36 30 0.175 2 2 6 5 21
102 -7.39 31.84 343 0.958 3 1 7 7
103 7.51 -7.71 68 0.272 2 1 3 31
104 196.78 15.87 80 0.302 1 3 1 2 4 31
105 68.43 63.06 363 1.009 2 1 3 15
106 149.83 -17.28 563 1.508 3 1 7 7
107 201.17 54.65 30 0.175 3 1 7 31
108 149.56 -18.03 377 1.044 1 3 1 2 4 6
109 189.55 73.36 116 0.392 3 1 7 27
110 24.82 12.62 595 1.589 3 1 7 7
111 31.08 59.79 76 0.292 1 3 1 2 4 18
112 155.55 -10.60 336 0.941 2 1 6 11
113 153.40 -6.79 15 0.139 3 1 7 24
114 47.75 32.29 65 0.264 1 3 1 2 4 19
115 87.28 29.91 12 0.131 1 3 1 2 4 27
116 190.14 18.24 373 1.034 3 1 7 15
117 83.80 -11.14 293 0.833 1 1 4 12
118 5.49 51.25 290 0.827 1 3 1 2 4 8
119 77.62 -1.02 30 0.176 2 1 5 22
120 142.62 14.03 108 0.371 1 3 1 2 4 23
121 170.37 58.54 60 0.250 1 3 1 2 4 29
122 29.18 -31.28 283 0.809 3 1 7 10
123 158.54 54.14 174 0.537 1 3 1 2 4 15
124 110.84 66.23 373 1.034 3 1 7 15
125 85.49 -7.93 412 1.132 3 1 7 5
126 60.38 22.03 248 0.721 2 2 3 5 10
127 149.06 -17.79 30 0.175 2 1 3 31
128 107.41 -3.49 7 0.119 1 3 1 2 4 15
129 156.94 34.72 440 1.202 1 3 1 2 4 7
130 62.81 30.87 57 0.244 2 1 5 25
131 19.59 11.97 125 0.414 2 1 3 15
132 168.08 9.26 30 0.175 3 1 7 30
133 122.65 26.00 45 0.214 2 2 5 3 31
134 46.36 27.31 190 0.577 3 1 7 3
135 162.98 -8.12 509 1.375 3 1 7 5
136 26.60 57.79 66 0.266 3 1 7 15
137 66.55 53.87 488 1.322 3 1 7 7
138 97.82 65.75 109 0.373 1 3 1 2 4 31
139 101.70 -22.04 45 0.214 3 1 7 10
140 79.54 42.84 382 1.056 1 3 1 2 4 7
141 74.28 43.38 370 1.025 3 1 7 14
142 119.52 17.63 85 0.314 2 2 3 5 12
143 78.43 -12.05 317 0.893 2 1 5 13
144 23.57 46.01 67 0.268 2 1 6 27
145 36.03 30.79 257 0.743 3 1 7 11
146 8.03 54.19 331 0.930 1 1 4 15
147 137.06 74.21 372 1.030 2 1 6 6
148 55.39 -20.36 84 0.311 1 1 2 30
149 5.67 -21.98 387 1.068 1 2 2 4 3
150 77.79 -19.60 85 0.314 2 2 3 6 21
151 -7.80 57.07 102 0.356 3 1 7 30
152 176.11 34.44 179 0.550 2 1 5 7
153 86.13 7.93 30 0.175 3 1 7 17
154 118.35 -1.95 60 0.250 3 1 7 28
155 176.33 39.53 30 0.175 1 3 1 2 4 20
156 59.86 -10.87 894 2.335 1 3 1 2 4 7
157 105.51 -2.49 418 1.146 2 2 5 3 5
158 67.66 -33.55 174 0.536 1 3 1 2 4 15
159 104.54 53.93 30 0.175 3 1 7 29
160 128.13 -30.35 328 0.922 2 2 5 6 15
161 116.06 -5.36 585 1.563 2 1 6 3
162 122.81 -6.69 127 0.418 2 1 3 28
163 20.12 35.63 352 0.980 1 3 1 2 4 15
164 83.11 8.98 58 0.247 1 3 1 2 4 6
165 175.39 42.43 343 0.960 2 2 5 6 4
166 188.90 -31.21 388 1.071 2 2 5 3 10
167 59.27 -9.12 39 0.199 1 2 2 1 27
168 18.05 60.11 509 1.375 1 3 1 2 4 6
169 163.50 28.98 30 0.175 1 1 2 27
170 128.76 -34.02 243 0.710 2 2 5 6 15
171 109.78 20.29 331 0.929 2 2 3 6 15
172 56.74 -24.19 7 0.119 1 3 1 2 4 31
173 143.45 -21.10 89 0.324 1 3 1 2 4 15
174 203.44 -18.93 348 0.972 2 1 3 5
175 44.53 -26.74 79 0.300 1 3 1 2 4 29
176 120.30 -15.62 358 0.995 1 2 1 4 15
177 132.41 70.68 139 0.450 3 1 7 27
178 69.31 54.05 330 0.926 2 1 5 15
179 -5.06 35.95 290 0.827 2 2 5 6 9
180 103.97 -12.79 271 0.779 3 1 7 7
181 142.48 31.64 107 0.370 2 2 6 5 31
182 87.86 64.16 363 1.009 3 1 7 11
183 15.38 43.24 323 0.909 2 2 6 5 4
184 196.94 12.41 449 1.223 2 1 5 2
185 29.92 70.29 471 1.279 1 3 1 2 4 7
186 174.32 34.29 441 1.203 2 2 6 3 2
187 144.46 -19.46 89 0.323 2 1 3 21
188 101.04 -26.06 383 1.058 2 1 3 3
189 103.12 26.90 330 0.925 2 1 6 15
190 50.72 24.35 59 0.248 1 3 1 2 4 31
191 65.07 10.17 203 0.609 1 3 1 2 4 13
192 42.94 -24.54 128 0.421 2 1 5 29
193 195.56 2.02 450 1.225 1 3 1 2 4 3
194 193.41 31.32 410 1.126 1 1 2 13
195 110.29 14.39 30 0.175 2 1 3 31
196 82.33 18.71 60 0.250 1 3 1 2 4 19
197 30.01 9.07 178 0.546 1 3 1 2 4 6
198 161.74 73.14 65 0.264 3 1 7 29
199 141.53 3.90 382 1.056 1 1 4 7
200 191.97 27.59 60 0.250 3 1 7 28
201 7.53 -32.20 60 0.250 1 2 2 1 29
202 26.67 75.02 15 0.139 1 3 1 2 4 29
203 44.68 61.48 340 0.952 3 1 7 7
204 140.72 -8.59 175 0.540 3 1 7 15
205 68.94 53.15 377 1.044 1 2 1 2 7
206 71.65 -26.81 370 1.025 1 2 4 2 13
207 180.93 -0.17 413 1.134 2 1 6 2
208 120.42 50.29 78 0.296 1 3 1 2 4 11
209 173.46 59.94 516 1.391 3 1 7 6
210 105.95 -31.40 30 0.175 3 1 7 15
211 143.55 -28.72 105 0.365 1 2 1 4 14
212 16.13 58.34 329 0.925 2 2 5 6 15
213 186.39 -31.06 333 0.934 1 3 1 2 4 13
214 58.64 -3.16 647 1.719 1 3 1 2 4 6
215 190.43 67.04 379 1.049 3 1 7 9
216 69.05 36.63 474 1.286 1 3 1 2 4 7
217 18.31 35.56 85 0.314 1 3 1 2 4 31
218 -9.05 49.03 406 1.115 3 1 7 15
219 24.10 -0.34 102 0.356 1 3 1 2 4 23
220 191.78 21.20 330 0.925 1 3 1 2 4 9
221 115.69 -31.56 167 0.520 1 2 1 4 11
222 118.44 2.60 87 0.319 1 3 1 2 4 31
223 62.29 -18.38 479 1.299 2 1 5 7
224 22.96 -5.33 81 0.303 1 1 1 29
225 189.10 12.46 58 0.247 1 3 1 2 4 31
226 77.43 56.47 65 0.264 1 2 2 4 31
227 26.14 -20.52 374 1.036 1 3 1 2 4 11
228 120.63 2.11 431 1.180 1 3 1 2 4 7
229 19.85 5.60 427 1.168 1 3 1 2 4 7
230 103.92 -27.79 11 0.130 3 1 7 21
231 203.66 47.44 439 1.199 2 1 6 7
232 188.33 -9.46 78 0.296 2 2 3 6 29
233 125.82 13.17 30 0.175 2 1 3 7
234 24.52 60.23 30 0.177 3 1 7 30
235 101.70 -2.13
236 10.90 2.30
237 106.33 -14.09
