6 5 84 2 15.0
1 20 250 60 113.423 0.345
2 20 720 55 153.512 0.625
3 20 2400 55 311.963 0.859
4 20 4500 50 403.806 0.977
5 20 8400 45 531.672 1.509
1 147.61 24.98 53 0.235 2 4 33 18 34 40 27
2 107.38 30.66 482 1.307 4 3 30 58 15 7
3 24.44 67.18 440 1.201 1 6 1 2 4 8 16 32 3
4 189.69 -20.89 174 0.536 1 1 32 14
5 41.87 -21.42 99 0.349 1 6 1 2 4 8 16 32 21
6 125.38 -2.10 410 1.126 4 3 58 46 29 14
7 147.17 15.12 30 0.175 4 4 54 60 43 51 31
8 163.18 0.38 30 0.175 1 6 1 2 4 8 16 32 24
9 123.43 69.90 60 0.250 3 2 42 52 23
10 22.68 -22.70 64 0.262 2 2 33 20 17
11 94.11 -21.10 246 0.715 4 5 45 27 43 53 60 15
12 14.37 49.30 133 0.433 4 3 58 27 39 31
13 202.32 -27.38 45 0.214 1 6 1 2 4 8 16 32 31
14 52.16 -19.56 501 1.353 5 2 61 31 7
15 188.14 63.79 323 0.910 6 1 63 6
16 196.48 59.32 323 0.908 1 6 1 2 4 8 16 32 9
17 84.75 63.31 460 1.252 1 6 1 2 4 8 16 32 6
18 -0.62 22.00 371 1.029 1 6 1 2 4 8 16 32 14
19 102.62 6.84 475 1.289 2 2 33 17 7
20 10.31 -10.74 65 0.264 1 2 1 32 23
21 3.15 -11.16 45 0.214 3 5 25 56 52 14 7 31
22 191.26 -2.97 236 0.690 4 4 29 58 43 46 14
23 -6.12 -17.85 341 0.954 3 2 44 7 14
24 168.34 -20.92 378 1.046 1 6 1 2 4 8 16 32 15
25 168.12 58.68 482 1.307 3 2 37 28 4
26 37.49 -23.25 25 0.163 3 3 42 7 14 17
27 187.53 21.61 290 0.827 5 2 31 55 15
28 188.51 34.39 441 1.203 6 1 63 2
29 174.08 -21.51 931 2.428 6 1 63 3
30 47.33 30.78 348 0.971 1 6 1 2 4 8 16 32 9
31 46.21 13.62 563 1.508 1 6 1 2 4 8 16 32 3
32 -4.96 18.40 38 0.196 4 3 54 57 60 15
33 128.75 57.32 386 1.067 1 6 1 2 4 8 16 32 13
34 126.28 61.25 616 1.641 3 5 42 37 28 14 7 4
35 24.75 18.17 60 0.250 2 5 34 20 9 12 48 29
36 10.51 8.66 85 0.314 6 1 63 14
37 41.32 8.32 50 0.226 5 5 61 31 59 62 55 30
38 63.60 53.48 76 0.290 1 6 1 2 4 8 16 32 14
39 55.91 56.64 480 1.301 1 6 1 2 4 8 16 32 5
40 46.65 46.00 418 1.147 2 5 17 18 20 3 33 3
41 121.69 71.85 98 0.347 2 1 17 31
42 77.65 -13.69 106 0.365 2 3 3 33 6 20
43 30.39 59.15 444 1.211 1 6 1 2 4 8 16 32 7
44 77.60 -6.87 38 0.196 1 5 32 2 4 1 16 15
45 98.28 70.54 290 0.827 3 1 35 3
46 54.36 -1.78 86 0.315 1 6 1 2 4 8 16 32 27
47 198.19 -31.09 352 0.980 1 6 1 2 4 8 16 32 15
48 194.05 35.47 126 0.416 1 6 1 2 4 8 16 32 22
49 185.02 30.86 60 0.250 3 4 28 56 22 38 24
50 55.69 15.01 30 0.175 4 2 51 15 31
51 -9.53 29.85 510 1.377 6 1 63 6
52 70.28 0.54 60 0.250 6 1 63 15
53 6.49 -26.57 30 0.175 1 6 1 2 4 8 16 32 31
54 195.97 22.25 15 0.139 1 5 8 16 32 1 2 30
55 57.78 25.90 174 0.536 1 6 1 2 4 8 16 32 14
56 183.00 -0.25 599 1.600 4 2 46 39 4
57 84.99 60.47 441 1.203 6 1 63 7
58 150.59 11.24 145 0.463 4 3 30 54 23 7
59 176.28 -26.54 418 1.146 4 4 43 30 54 23 7
60 119.71 -21.98 231 0.679 1 4 1 4 2 16 13
61 101.95 19.21 509 1.374 1 6 1 2 4 8 16 32 7
62 55.21 54.16 180 0.552 3 3 37 21 7 5
63 143.25 12.32 265 0.764 1 6 1 2 4 8 16 32 15
64 11.43 49.13 72 0.282 3 3 42 25 14 27
65 87.90 8.53 371 1.030 2 1 3 7
66 80.86 0.96 374 1.036 2 1 34 15
67 38.67 27.17 174 0.536 1 6 1 2 4 8 16 32 6
68 37.62 -2.17 30 0.176 2 1 48 29
69 186.11 75.51 581 1.555 1 2 4 16 6
70 23.43 4.03 45 0.213 1 4 8 16 1 32 19
71 56.03 -30.29 30 0.175 1 6 1 2 4 8 16 32 15
72 189.35 25.69 107 0.369 2 1 9 13
73 16.33 27.37 58 0.247 3 4 50 26 35 11 29
74 161.14 70.38 45 0.214 2 2 20 3 23
75 142.74 17.68 209 0.623 3 3 42 13 21 6
76 164.29 1.77 30 0.175 1 6 1 2 4 8 16 32 31
77 124.26 28.45 418 1.146 6 1 63 7
78 194.24 62.86 364 1.012 2 2 12 20 11
79 43.74 38.08 44 0.212 2 3 5 24 6 26
80 67.01 75.61 415 1.139 5 5 62 47 55 59 61 3
81 61.37 -21.90 116 0.392 3 2 56 11 17
82 52.30 28.26 5 0.114 1 6 1 2 4 8 16 32 29
83 147.63 45.20 39 0.200 1 6 1 2 4 8 16 32 19
84 202.55 -3.01 240 0.702 5 1 47 6
85 -0.93 18.54
86 11.14 -7.75
