6 5 297 4 15.0
1 20 250 60 135.041 0.338
2 20 720 55 166.026 0.505
3 20 2400 55 360.596 0.818
4 20 4500 50 395.409 1.029
5 20 8400 45 501.566 1.563
1 66.13 72.29 83 0.308 2 2 40 3 15
2 75.60 26.77 326 0.916 2 1 33 15
3 81.16 11.69 358 0.995 1 6 1 2 4 8 16 32 15
4 -8.67 26.70 376 1.042 1 6 1 2 4 8 16 32 15
5 20.29 7.30 87 0.319 6 1 63 19
6 16.83 -13.02 89 0.324 1 3 1 16 8 12
7 113.15 8.39 30 0.175 2 1 10 15
8 123.09 -30.13 58 0.247 1 6 1 2 4 8 16 32 23
9 130.24 16.62 307 0.870 5 4 31 55 47 59 11
10 118.60 2.43 510 1.375 5 1 62 5
11 38.40 4.75 453 1.235 1 6 1 2 4 8 16 32 7
12 87.31 48.79 418 1.147 1 6 1 2 4 8 16 32 7
13 56.47 21.37 515 1.389 4 3 45 46 43 7
14 179.22 -15.39 7 0.119 2 1 34 15
15 191.66 23.81 446 1.217 3 2 11 13 7
16 17.52 -8.47 555 1.489 1 6 1 2 4 8 16 32 7
17 89.66 51.08 58 0.247 6 1 63 3
18 1.16 73.18 581 1.554 4 5 43 58 46 54 39 3
19 40.23 -25.38 273 0.783 3 2 41 14 15
20 30.18 47.25 30 0.175 4 4 51 29 46 60 18
21 203.53 9.26 350 0.976 1 6 1 2 4 8 16 32 11
22 188.73 -33.28 87 0.318 1 4 2 32 4 1 20
23 22.04 54.07 333 0.934 1 5 2 4 16 32 8 14
24 103.02 30.08 174 0.536 5 3 31 62 59 6
25 116.98 25.00 83 0.309 1 4 8 16 2 4 31
26 134.69 56.64 3 0.109 1 6 1 2 4 8 16 32 15
27 197.21 6.30 45 0.214 5 4 47 61 59 55 30
28 91.91 4.59 593 1.583 6 1 63 3
29 99.16 -33.75 127 0.420 1 4 4 1 2 16 27
30 23.01 57.38 45 0.214 2 1 17 27
31 8.75 25.69 79 0.298 1 6 1 2 4 8 16 32 13
32 102.26 56.53 292 0.831 3 2 14 56 12
33 166.16 59.05 40 0.200 4 1 58 22
34 3.81 -2.61 379 1.049 5 2 47 31 15
35 155.02 -1.85 382 1.055 1 4 32 16 8 4 15
36 -0.80 35.74 412 1.130 3 2 19 11 3
37 115.49 -33.60 352 0.981 1 6 1 2 4 8 16 32 15
38 112.95 42.53 30 0.175 1 6 1 2 4 8 16 32 31
39 86.05 14.09 30 0.175 1 6 1 2 4 8 16 32 13
40 132.27 -30.27 383 1.059 6 1 63 6
41 72.24 50.53 78 0.296 2 4 40 18 12 20 18
42 161.69 34.66 290 0.826 3 5 28 44 52 41 56 15
43 90.18 71.90 90 0.326 1 4 4 1 16 8 15
44 4.01 65.79 290 0.827 6 1 63 13
45 44.13 26.69 587 1.569 2 1 3 3
46 23.07 28.68 177 0.545 3 2 50 35 11
47 157.94 54.12 60 0.250 3 3 22 28 37 20
48 73.53 -29.03 41 0.203 3 3 11 38 25 31
49 185.00 8.15 358 0.995 1 4 16 2 4 32 15
50 54.10 44.67 30 0.175 2 1 36 27
51 132.69 64.25 77 0.295 2 1 6 30
52 24.26 -11.78 54 0.237 6 1 63 11
53 -3.97 36.36 39 0.200 3 1 28 13
54 -0.09 61.73 48 0.220 1 1 2 13
55 131.37 18.81 15 0.139 1 6 1 2 4 8 16 32 31
56 105.47 16.23 412 1.130 3 1 56 5
57 47.99 -0.30 565 1.514 1 3 32 1 16 7
58 126.70 28.38 381 1.054 1 6 1 2 4 8 16 32 15
59 -0.67 -5.90 12 0.131 5 5 62 47 55 59 31 15
60 98.83 38.11 5 0.113 6 1 63 31
61 126.03 43.22 880 2.302 3 4 22 52 13 28 3
62 49.29 -7.60 425 1.163 1 6 1 2 4 8 16 32 3
63 -1.41 41.52 59 0.249 1 1 8 30
64 119.45 -5.44 30 0.175 5 4 59 55 61 47 15
65 167.55 17.56 15 0.139 5 3 62 55 47 23
66 99.74 40.11 363 1.009 1 6 1 2 4 8 16 32 15
67 150.13 3.19 452 1.232 1 6 1 2 4 8 16 32 6
68 67.71 -7.31 471 1.279 1 6 1 2 4 8 16 32 1
69 164.95 52.45 482 1.306 2 4 12 48 33 9 7
70 156.49 41.01 377 1.044 1 6 1 2 4 8 16 32 14
71 98.67 -9.44 60 0.250 6 1 63 31
72 85.11 -14.42 347 0.968 4 1 29 14
73 122.93 -30.82 12 0.130 5 3 47 31 59 30
74 52.43 9.53 73 0.284 6 1 63 22
75 64.76 63.92 15 0.138 1 6 1 2 4 8 16 32 30
76 204.82 31.24 113 0.383 3 5 52 14 42 22 19 30
77 183.98 8.99 43 0.208 1 6 1 2 4 8 16 32 31
78 171.51 28.01 367 1.018 2 2 20 18 15
79 89.82 62.91 279 0.798 6 1 63 15
80 98.88 50.59 290 0.827 2 2 17 34 9
81 166.30 27.11 234 0.687 2 4 12 5 3 34 7
82 155.39 -24.18 473 1.283 1 6 1 2 4 8 16 32 4
83 80.36 -16.66 45 0.214 1 6 1 2 4 8 16 32 7
84 135.37 -2.63 59 0.249 5 2 47 62 15
85 40.44 -9.19 348 0.972 1 6 1 2 4 8 16 32 14
86 34.59 48.93 290 0.827 1 2 1 8 7
87 147.86 -27.88 343 0.958 4 3 30 60 54 15
88 200.59 -5.66 15 0.139 2 4 36 33 12 40 30
89 139.99 22.47 30 0.175 1 6 1 2 4 8 16 32 8
90 118.97 20.20 30 0.175 3 2 25 26 23
91 85.21 14.87 582 1.557 4 4 51 46 58 54 7
92 56.15 -30.82 580 1.552 1 6 1 2 4 8 16 32 5
93 60.84 -6.86 115 0.388 1 2 4 16 15
94 109.20 18.72 383 1.058 3 3 13 37 42 1
95 46.95 64.14 77 0.294 6 1 63 11
96 86.27 -7.16 344 0.962 6 1 63 15
97 134.58 68.63 349 0.973 6 1 63 6
98 31.28 64.66 375 1.038 2 3 24 9 5 13
99 181.92 -19.25 78 0.296 1 5 16 8 2 1 4 27
100 204.09 47.84 337 0.945 4 5 39 15 29 30 27 15
101 132.74 -12.15 45 0.213 2 4 40 12 20 5 31
102 172.87 43.47 311 0.880 1 6 1 2 4 8 16 32 14
103 73.81 32.86 406 1.115 1 6 1 2 4 8 16 32 14
104 133.21 31.66 379 1.050 1 6 1 2 4 8 16 32 14
105 186.43 43.81 30 0.175 5 2 47 62 27
106 187.63 38.73 338 0.946 2 3 24 3 36 15
107 72.76 64.39 137 0.444 4 2 27 23 27
108 187.68 60.59 561 1.504 2 4 24 20 9 33 1
109 82.75 -16.83 117 0.394 1 6 1 2 4 8 16 32 30
110 -6.02 44.10 509 1.374 2 5 34 5 9 10 18 2
111 168.80 1.89 45 0.214 3 4 44 35 56 42 12
112 193.31 37.17 514 1.386 1 6 1 2 4 8 16 32 3
113 155.31 -3.75 292 0.830 6 1 63 9
114 19.52 18.54 370 1.025 1 2 2 8 15
115 135.08 48.69 489 1.323 1 5 16 8 32 2 4 7
116 19.50 63.04 30 0.176 2 3 6 3 24 19
117 -1.60 72.37 290 0.826 2 1 24 5
118 49.37 62.31 78 0.297 1 6 1 2 4 8 16 32 14
119 92.66 64.99 84 0.311 2 5 9 3 33 20 48 30
120 187.80 38.29 290 0.827 1 4 16 8 32 4 3
121 103.00 -24.55 38 0.195 2 4 20 10 24 34 9
122 140.07 3.16 480 1.302 4 1 27 2
123 12.44 21.65 371 1.029 2 5 3 40 5 18 10 13
124 21.05 -18.26 437 1.193 3 4 26 13 50 49 7
125 124.34 -21.46 598 1.597 2 4 48 10 17 6 7
126 -9.34 18.64 45 0.213 6 1 63 15
127 51.08 -20.29 78 0.296 4 5 30 29 51 46 23 29
128 99.26 61.35 372 1.030 1 2 16 1 11
129 74.38 65.63 428 1.171 5 3 59 47 31 4
130 172.45 -9.32 78 0.296 1 6 1 2 4 8 16 32 25
131 142.13 65.63 30 0.176 1 6 1 2 4 8 16 32 31
132 16.25 22.44 359 0.999 2 2 20 5 14
133 91.46 31.02 30 0.175 3 2 42 37 11
134 46.47 55.21 65 0.264 4 3 57 58 15 10
135 93.17 52.47 358 0.996 6 1 63 15
136 36.25 -6.73 41 0.203 6 1 63 11
137 186.34 -24.00 245 0.714 6 1 63 7
138 16.53 29.96 236 0.692 4 1 45 7
139 38.28 -21.41 87 0.320 3 2 25 22 29
140 125.35 1.53 380 1.052 1 6 1 2 4 8 16 32 14
141 81.19 20.62 554 1.487 2 1 20 7
142 62.89 65.80 82 0.306 5 5 61 47 31 62 59 28
143 10.93 73.44 49 0.223 2 2 24 5 27
144 131.07 7.74 83 0.308 1 6 1 2 4 8 16 32 31
145 74.58 18.46 189 0.574 6 1 63 13
146 117.80 45.46 363 1.009 2 5 48 18 5 24 10 15
147 190.01 60.54 326 0.917 1 6 1 2 4 8 16 32 15
148 180.20 42.94 101 0.355 1 6 1 2 4 8 16 32 14
149 93.97 72.85 371 1.029 3 2 38 22 7
150 80.55 -2.42 84 0.311 3 1 50 30
151 70.10 32.24 428 1.170 1 6 1 2 4 8 16 32 2
152 62.36 6.37 371 1.029 1 6 1 2 4 8 16 32 15
153 22.00 60.06 101 0.355 3 4 52 50 37 11 30
154 33.43 49.69 380 1.051 4 5 53 57 60 15 30 10
155 124.71 13.62 6 0.116 2 4 3 18 5 9 14
156 182.39 61.95 443 1.209 4 4 51 46 57 53 6
157 -6.84 39.46 578 1.547 1 6 1 2 4 8 16 32 7
158 74.41 7.13 30 0.175 6 1 63 29
159 40.10 -22.24 2 0.105 1 6 1 2 4 8 16 32 15
160 191.42 63.35 418 1.147 6 1 63 7
161 52.61 48.16 105 0.364 3 3 52 13 49 25
162 51.57 -28.53 15 0.139 6 1 63 31
163 56.75 24.85 373 1.033 1 6 1 2 4 8 16 32 9
164 0.98 42.32 15 0.138 6 1 63 30
165 0.18 10.48 348 0.971 1 6 1 2 4 8 16 32 7
166 44.45 71.14 598 1.596 2 4 6 48 34 12 4
167 -3.51 52.57 330 0.926 4 4 57 27 51 54 6
168 66.74 -26.23 77 0.294 5 2 31 61 15
169 203.33 5.97 378 1.045 1 6 1 2 4 8 16 32 6
170 136.10 15.41 290 0.827 3 2 28 56 1
171 189.18 51.28 242 0.706 3 5 13 14 7 52 21 10
172 83.74 -30.98 528 1.421 3 5 26 28 41 49 38 7
173 101.52 0.45 73 0.285 6 1 63 31
174 95.82 49.85 87 0.320 4 1 51 28
175 170.41 -30.99 486 1.315 1 6 1 2 4 8 16 32 5
176 66.22 12.82 463 1.258 2 4 12 33 18 10 5
177 109.70 34.29 450 1.226 1 6 1 2 4 8 16 32 5
178 136.04 6.70 180 0.551 1 6 1 2 4 8 16 32 15
179 163.11 64.06 15 0.139 1 6 1 2 4 8 16 32 27
180 203.85 9.33 30 0.175 1 5 8 2 1 16 32 31
181 71.67 -32.58 453 1.235 4 5 53 43 57 60 51 7
182 101.93 69.84 333 0.935 1 6 1 2 4 8 16 32 11
183 39.71 22.13 348 0.972 2 1 20 14
184 53.62 -34.25 343 0.958 1 6 1 2 4 8 16 32 10
185 -2.81 67.66 117 0.394 2 2 3 6 27
186 182.78 51.13 330 0.926 1 2 8 4 11
187 109.14 -12.85 426 1.166 4 5 51 45 58 43 15 7
188 119.11 42.25 133 0.434 5 2 61 59 31
189 156.46 72.56 344 0.962 4 3 27 39 43 15
190 134.68 -14.23 128 0.421 3 2 19 52 17
191 73.73 -17.69 418 1.146 1 2 32 8 5
192 154.95 8.73 89 0.324 4 2 57 29 18
193 10.60 -23.13 487 1.320 1 6 1 2 4 8 16 32 3
194 2.83 -8.80 106 0.367 5 1 62 29
195 107.91 21.30 412 1.131 1 1 4 1
196 22.38 36.37 467 1.268 2 3 48 20 10 7
197 179.28 54.64 87 0.319 1 6 1 2 4 8 16 32 29
198 26.38 26.09 499 1.350 1 2 16 2 7
199 6.74 33.02 105 0.364 4 4 45 46 23 39 31
200 65.57 57.10 65 0.264 1 6 1 2 4 8 16 32 29
201 6.12 11.08 153 0.484 3 1 35 7
202 100.31 62.89 30 0.175 2 4 3 24 20 33 30
203 184.11 -31.12 292 0.832 2 2 20 10 3
204 37.70 23.25 502 1.356 3 3 38 52 56 3
205 47.68 59.33 379 1.049 3 2 42 28 7
206 38.47 42.83 357 0.993 2 4 24 33 5 18 9
207 13.84 18.66 60 0.250 5 3 55 47 31 11
208 127.86 70.01 556 1.491 3 4 26 42 19 28 3
209 -0.42 25.16 363 1.009 4 2 43 27 15
210 71.52 -12.42 451 1.229 2 3 40 24 36 7
211 47.96 70.57 10 0.126 2 3 9 10 33 30
212 181.49 -12.24 428 1.170 4 2 30 60 7
213 194.86 39.45 82 0.307 3 5 56 41 44 19 22 21
214 158.55 -26.22 334 0.936 3 5 21 14 19 50 42 1
215 -6.50 18.22 636 1.692 2 1 18 1
216 53.40 61.40 474 1.286 2 4 12 48 6 17 7
217 138.10 53.41 89 0.324 3 2 38 7 30
218 4.99 28.60 75 0.288 4 3 54 39 15 17
219 45.74 -32.36 85 0.314 2 2 12 20 31
220 42.03 47.03 30 0.175 1 6 1 2 4 8 16 32 30
221 140.30 24.68 391 1.078 5 1 31 14
222 41.37 -33.58 484 1.312 1 6 1 2 4 8 16 32 4
223 55.36 -14.31 87 0.319 2 2 34 12 23
224 151.54 -27.48 80 0.302 1 4 2 16 8 1 24
225 24.61 1.83 265 0.764 3 1 14 15
226 -4.48 -29.95 84 0.311 3 1 19 23
227 85.23 68.81 547 1.470 1 6 1 2 4 8 16 32 6
228 171.39 -2.05 376 1.040 1 2 2 4 11
229 120.96 -11.97 383 1.058 4 1 51 11
230 109.33 -16.29 332 0.932 4 1 53 11
231 98.24 25.50 409 1.123 1 6 1 2 4 8 16 32 15
232 70.06 70.25 242 0.706 6 1 63 13
233 19.15 -16.83 101 0.355 6 1 63 27
234 121.63 60.76 371 1.029 1 5 16 32 4 8 1 7
235 181.71 -1.74 30 0.175 1 6 1 2 4 8 16 32 30
236 186.79 -4.82 380 1.052 4 1 39 14
237 144.09 34.42 634 1.685 2 4 6 3 40 34 5
238 7.26 6.47 174 0.536 2 4 40 34 24 5 13
239 28.28 4.82 845 2.214 1 6 1 2 4 8 16 32 7
240 33.38 9.61 30 0.175 4 3 30 54 51 31
241 118.83 43.53 71 0.278 3 1 56 13
242 -2.94 -19.90 105 0.364 4 4 46 60 57 39 31
243 37.20 0.83 218 0.646 4 2 46 45 7
244 22.68 49.06 426 1.165 2 1 18 7
245 67.26 47.51 366 1.017 4 1 27 6
246 55.88 49.54 138 0.447 3 3 50 19 21 31
247 67.92 53.18 411 1.129 2 4 33 40 48 36 4
248 122.07 75.89 352 0.981 1 6 1 2 4 8 16 32 10
249 129.02 18.10 481 1.305 1 6 1 2 4 8 16 32 7
250 151.43 34.41 412 1.131 1 1 32 6
251 162.87 -17.27 563 1.510 1 6 1 2 4 8 16 32 7
252 28.53 42.39 457 1.244 2 1 3 3
253 61.00 54.62 371 1.028 5 4 47 59 61 55 6
254 156.76 -24.22 371 1.029 2 3 10 20 34 13
255 60.96 43.76 488 1.320 5 2 31 47 6
256 0.06 60.10 45 0.214 1 6 1 2 4 8 16 32 21
257 56.53 9.97 7 0.119 1 5 32 4 1 2 8 25
258 44.72 52.18 246 0.716 2 3 5 40 24 2
259 108.66 5.30 156 0.491 3 5 52 21 35 7 42 8
260 178.89 16.65 290 0.827 6 1 63 11
261 -3.62 37.22 45 0.214 1 3 32 16 1 25
262 108.57 23.50 103 0.358 2 1 10 29
263 200.52 -6.68 471 1.278 1 6 1 2 4 8 16 32 7
264 115.54 -0.68 480 1.301 1 6 1 2 4 8 16 32 5
265 138.84 69.54 30 0.175 4 4 45 39 46 51 15
266 100.12 -14.29 30 0.175 2 4 9 17 10 6 15
267 12.10 -21.40 372 1.030 4 5 57 29 23 51 58 13
268 154.58 -5.94 7 0.119 5 1 55 14
269 199.08 6.45 59 0.249 3 4 50 14 13 28 31
270 70.90 21.29 59 0.249 4 1 60 7
271 19.47 -9.10 382 1.056 1 4 16 32 4 1 15
272 162.20 -13.47 15 0.139 3 3 13 11 35 14
273 153.07 34.91 384 1.060 1 6 1 2 4 8 16 32 6
274 70.32 46.54 373 1.034 1 6 1 2 4 8 16 32 7
275 51.23 -22.49 3 0.109 5 1 31 3
276 137.38 10.47 346 0.966 3 1 26 12
277 195.66 72.44 332 0.932 3 2 52 13 5
278 61.87 52.89 291 0.829 1 6 1 2 4 8 16 32 9
279 39.65 -21.97 340 0.952 2 4 6 9 20 34 7
280 28.64 -25.15 328 0.921 3 2 14 41 9
281 201.58 -3.27 15 0.139 5 1 62 22
282 184.47 -31.05 376 1.042 2 4 34 10 18 9 12
283 74.41 -15.72 452 1.232 1 6 1 2 4 8 16 32 1
284 68.79 59.80 337 0.943 1 6 1 2 4 8 16 32 2
285 149.11 36.44 15 0.139 2 2 18 48 29
286 115.79 -28.16 511 1.378 5 4 47 59 61 55 3
287 184.13 26.54 325 0.913 3 3 13 26 22 6
288 68.09 -30.64 341 0.953 1 6 1 2 4 8 16 32 10
289 118.19 20.42 50 0.226 2 1 5 9
290 26.02 47.42 363 1.009 2 1 36 9
291 54.42 18.18 642 1.706 6 1 63 7
292 -2.85 59.57 20 0.152 3 1 13 24
293 43.25 70.57 231 0.678 4 2 15 60 11
294 149.15 30.38 10 0.125 4 3 51 27 30 31
295 11.20 18.65 117 0.393 1 6 1 2 4 8 16 32 27
296 173.62 -10.59 15 0.139 6 1 63 30
297 135.94 -26.39 102 0.357 6 1 63 31
298 161.86 71.23
299 74.58 39.96
300 123.09 7.53
301 175.56 18.19
