5 5 129 3 15.0
1 20 250 60 121.253 0.333
2 20 720 55 184.329 0.501
3 20 2400 55 354.846 0.842
4 20 4500 50 400.815 1.059
5 20 8400 45 605.096 1.464
1 95.25 -5.23 84 0.312 1 5 1 2 4 8 16 31
2 16.46 -0.93 331 0.930 1 5 1 2 4 8 16 15
3 41.88 -23.51 345 0.963 2 4 10 24 12 17 6
4 48.75 -29.83 30 0.175 3 3 11 28 26 29
5 9.54 48.83 89 0.325 2 1 10 23
6 97.83 30.37 11 0.129 1 3 2 1 4 27
7 100.75 -31.73 233 0.683 5 1 31 9
8 33.33 -27.84 137 0.443 4 1 15 29
9 62.97 72.70 60 0.250 4 1 27 29
10 196.61 -17.64 30 0.175 1 5 1 2 4 8 16 26
11 27.56 -34.10 441 1.203 2 3 12 20 5 3
12 184.08 75.49 339 0.950 1 5 1 2 4 8 16 15
13 66.01 14.08 209 0.623 2 1 20 14
14 34.65 -16.61 442 1.205 1 5 1 2 4 8 16 2
15 48.40 -15.79 40 0.201 1 1 16 31
16 91.21 70.43 475 1.289 2 1 9 6
17 175.26 29.51 102 0.356 1 5 1 2 4 8 16 29
18 80.57 11.05 30 0.175 4 4 27 23 15 30 19
19 67.73 -4.63 44 0.211 1 5 1 2 4 8 16 27
20 191.70 59.99 351 0.980 4 2 15 23 5
21 184.32 22.44 117 0.393 3 2 11 25 31
22 26.15 74.28 30 0.175 1 3 8 16 2 19
23 -5.97 18.56 410 1.126 1 2 8 1 14
24 193.12 -17.39 105 0.364 3 3 11 25 22 14
25 75.90 59.30 372 1.031 3 2 22 25 13
26 126.52 49.79 330 0.925 2 4 3 24 10 6 5
27 21.04 26.52 101 0.355 1 4 1 8 4 2 7
28 121.86 61.11 172 0.531 1 5 1 2 4 8 16 15
29 204.80 3.38 473 1.284 1 1 2 3
30 75.20 22.16 372 1.031 1 5 1 2 4 8 16 15
31 100.36 5.21 490 1.327 4 4 30 29 23 15 7
32 8.87 50.19 344 0.961 2 3 5 17 20 14
33 110.28 37.98 516 1.392 1 5 1 2 4 8 16 7
34 113.41 -10.46 443 1.209 4 1 27 6
35 51.66 65.02 333 0.934 4 1 30 15
36 132.76 40.72 466 1.266 5 1 31 7
37 149.63 -10.17 483 1.310 3 1 25 7
38 179.34 -7.21 327 0.920 2 2 20 9 6
39 23.74 53.91 77 0.294 5 1 31 31
40 200.91 16.72 259 0.748 2 2 3 20 9
41 115.03 1.85 30 0.175 4 3 23 27 15 30
42 21.21 57.32 427 1.168 1 5 1 2 4 8 16 5
43 178.55 19.89 85 0.314 4 2 30 29 31
44 116.29 2.16 2 0.105 1 5 1 2 4 8 16 15
45 35.86 72.33 325 0.913 2 1 5 15
46 4.39 8.03 340 0.951 4 4 27 29 15 23 7
47 150.42 24.84 45 0.214 4 4 30 23 29 27 23
48 132.64 25.70 242 0.705 3 1 19 1
49 71.17 -2.24 478 1.295 3 4 28 26 19 13 5
50 161.15 71.31 30 0.175 1 5 1 2 4 8 16 28
51 91.13 9.30 49 0.225 5 1 31 31
52 183.74 22.57 13 0.133 2 1 18 30
53 49.82 39.72 338 0.945 1 4 4 8 2 16 15
54 126.62 10.15 428 1.170 1 1 4 7
55 87.96 23.96 342 0.956 3 2 11 13 6
56 87.47 -16.80 60 0.250 1 5 1 2 4 8 16 29
57 19.75 9.04 347 0.969 1 5 1 2 4 8 16 6
58 192.53 39.88 98 0.346 5 1 31 23
59 133.81 43.06 573 1.535 5 1 31 7
60 143.73 -12.49 336 0.941 1 2 8 16 8
61 79.98 2.12 58 0.246 3 2 22 11 31
62 95.67 -21.96 127 0.418 3 4 14 25 19 7 15
63 143.29 61.31 16 0.140 1 1 4 23
64 32.36 -21.20 240 0.702 1 5 1 2 4 8 16 13
65 191.04 7.32 428 1.170 3 3 28 11 22 7
66 88.38 63.26 482 1.306 1 5 1 2 4 8 16 7
67 205.07 57.73 385 1.065 2 3 18 3 24 14
68 186.01 12.32 45 0.214 1 1 1 31
69 22.55 9.28 126 0.417 1 5 1 2 4 8 16 22
70 137.71 57.11 428 1.171 2 3 20 5 10 6
71 70.58 9.79 564 1.510 1 1 8 7
72 41.41 51.92 382 1.057 1 3 2 1 16 15
73 116.52 67.03 98 0.346 1 5 1 2 4 8 16 31
74 144.14 16.64 65 0.264 4 1 27 26
75 47.21 70.36 71 0.280 3 4 22 26 25 11 31
76 154.21 54.26 650 1.727 1 5 1 2 4 8 16 7
77 122.50 76.50 105 0.364 5 1 31 19
78 143.52 -27.92 92 0.332 2 4 6 20 18 5 31
79 139.17 64.22 89 0.323 4 4 23 15 29 30 15
80 28.26 71.11 418 1.146 1 5 1 2 4 8 16 7
81 118.10 36.24 584 1.562 2 3 20 9 10 7
82 25.86 7.15 174 0.536 1 5 1 2 4 8 16 15
83 112.86 27.71 358 0.997 1 5 1 2 4 8 16 4
84 141.49 61.04 271 0.779 1 5 1 2 4 8 16 11
85 133.75 -18.27 360 1.002 1 5 1 2 4 8 16 13
86 150.78 -28.55 377 1.044 2 4 6 18 17 5 11
87 131.14 9.74 427 1.168 2 3 5 20 24 7
88 204.28 61.50 136 0.441 3 1 21 11
89 60.05 2.52 60 0.250 2 3 10 24 5 19
90 112.38 40.77 339 0.950 1 2 1 16 15
91 3.49 -8.03 24 0.160 3 4 14 25 19 22 23
92 192.33 20.48 201 0.603 4 2 23 15 7
93 136.05 -25.49 4 0.112 1 5 1 2 4 8 16 14
94 47.41 23.55 65 0.264 1 5 1 2 4 8 16 31
95 190.62 19.31 39 0.200 4 2 29 30 25
96 169.93 -13.62 7 0.119 2 3 24 9 5 31
97 106.54 15.34 330 0.926 3 4 14 28 26 11 5
98 30.86 51.45 90 0.327 1 2 8 2 30
99 147.27 -17.54 282 0.807 1 5 1 2 4 8 16 7
100 99.20 -7.72 15 0.139 1 3 16 1 4 27
101 126.01 33.58 362 1.006 3 1 21 3
102 133.53 -1.32 571 1.530 4 2 30 23 6
103 139.39 44.08 479 1.299 2 2 18 24 3
104 180.87 -27.17 89 0.324 3 2 11 19 30
105 149.89 66.93 30 0.175 1 3 2 1 4 15
106 7.91 50.94 231 0.680 3 4 22 26 25 13 7
107 129.26 -5.85 30 0.176 1 1 8 9
108 141.84 -4.97 30 0.175 3 2 26 13 31
109 113.17 10.65 89 0.323 3 2 7 11 15
110 124.72 -6.88 70 0.277 1 5 1 2 4 8 16 19
111 166.44 4.58 181 0.553 1 5 1 2 4 8 16 13
112 90.80 -7.22 471 1.280 2 3 3 9 10 7
113 185.07 4.27 205 0.613 2 2 24 3 8
114 168.03 -18.93 30 0.175 4 2 29 15 31
115 193.75 5.01 575 1.538 1 3 2 16 8 3
116 106.07 -23.80 412 1.132 1 5 1 2 4 8 16 6
117 67.93 60.29 3 0.109 1 5 1 2 4 8 16 7
118 120.33 -29.48 554 1.487 1 5 1 2 4 8 16 5
119 25.14 -26.17 387 1.068 3 2 11 19 15
120 10.16 37.73 70 0.276 4 3 30 23 15 29
121 203.22 -18.69 480 1.301 2 1 24 6
122 123.62 42.49 149 0.475 2 2 24 20 13
123 71.35 9.63 418 1.146 1 4 16 1 8 2 7
124 3.21 4.51 15 0.139 4 3 15 29 23 31
125 195.05 22.44 60 0.250 2 1 17 15
126 172.87 -14.53 343 0.958 1 1 16 11
127 99.84 -27.18 3 0.109 2 4 12 17 10 3 27
128 97.98 49.36 174 0.536 3 1 7 15
129 69.66 49.64 45 0.214 3 1 14 22
130 142.42 -26.50
131 -5.41 50.46
132 106.26 49.64
