4 5 84 2 15.0
1 20 250 60 107.303 0.411
2 20 720 55 153.764 0.548
3 20 2400 55 320.044 0.977
4 20 4500 50 409.994 1.025
5 20 8400 45 520.616 1.386
1 15.77 -14.01 30 0.175 1 4 1 2 4 8 9
2 4.02 -6.31 85 0.314 2 2 5 10 26
3 62.64 28.77 58 0.246 1 4 1 2 4 8 10
4 7.94 41.98 381 1.055 4 1 15 9
5 154.83 -27.06 74 0.287 2 1 5 29
6 114.59 25.61 245 0.714 3 2 13 7 15
7 -9.89 37.41 283 0.809 1 4 1 2 4 8 14
8 109.73 -31.94 51 0.229 1 4 1 2 4 8 23
9 193.30 11.13 245 0.713 3 1 13 14
10 172.07 45.84 274 0.787 2 2 5 10 7
11 30.08 32.08 244 0.712 1 4 1 2 4 8 13
12 -3.38 44.12 11 0.129 1 4 1 2 4 8 31
13 46.56 -21.41 418 1.147 1 4 1 2 4 8 2
14 30.47 42.08 38 0.195 1 4 1 2 4 8 12
15 132.06 -25.57 43 0.208 1 4 1 2 4 8 31
16 188.90 56.28 444 1.211 4 1 15 1
17 97.20 29.93 44 0.211 1 4 1 2 4 8 15
18 106.29 10.30 58 0.247 1 4 1 2 4 8 19
19 205.47 38.19 178 0.547 4 1 15 15
20 58.28 -27.19 177 0.544 3 2 13 7 15
21 96.90 66.46 58 0.247 1 4 1 2 4 8 23
22 46.72 71.31 376 1.042 2 2 5 12 11
23 41.09 29.65 555 1.488 1 4 1 2 4 8 7
24 135.24 35.81 241 0.705 3 2 13 11 14
25 37.93 24.56 3 0.108 2 3 6 5 9 11
26 202.97 38.84 128 0.422 4 1 15 21
27 168.27 2.20 264 0.761 3 1 13 15
28 41.38 -33.62 382 1.055 1 3 2 1 4 3
29 169.33 52.33 409 1.125 3 2 14 11 6
30 190.68 -28.54 64 0.261 4 1 15 28
31 42.51 11.97 129 0.424 2 3 6 12 10 7
32 203.97 21.55 260 0.750 1 4 1 2 4 8 13
33 114.10 69.25 105 0.364 2 3 10 6 5 31
34 14.52 0.48 15 0.139 1 4 1 2 4 8 14
35 112.31 -1.07 290 0.827 1 1 2 7
36 113.64 52.25 645 1.715 2 3 9 5 12 7
37 124.49 72.76 472 1.280 1 4 1 2 4 8 7
38 204.06 -5.59 40 0.201 2 2 12 3 15
39 172.66 -27.14 290 0.827 4 1 15 11
40 182.60 4.52 65 0.264 2 2 10 6 22
41 114.35 36.15 335 0.939 2 1 5 7
42 102.02 -5.77 180 0.551 1 4 1 2 4 8 14
43 203.59 59.01 330 0.925 2 1 5 13
44 87.21 12.19 363 1.009 2 3 10 9 6 9
45 1.73 46.01 30 0.176 1 4 1 2 4 8 31
46 47.61 -18.60 30 0.175 2 2 6 9 31
47 193.17 -22.20 290 0.827 1 4 1 2 4 8 14
48 189.00 -0.81 381 1.053 1 1 4 11
49 81.98 -20.72 371 1.030 1 4 1 2 4 8 7
50 105.78 18.04 259 0.748 1 4 1 2 4 8 15
51 28.10 46.03 175 0.540 1 4 1 2 4 8 13
52 43.82 64.57 60 0.250 1 4 1 2 4 8 22
53 1.83 67.66 480 1.302 4 1 15 5
54 136.23 8.93 451 1.229 3 1 11 3
55 140.15 34.07 635 1.688 4 1 15 7
56 99.34 -27.52 262 0.756 4 1 15 2
57 85.90 64.85 14 0.136 1 4 1 2 4 8 11
58 -6.36 14.35 87 0.318 1 4 1 2 4 8 30
59 58.65 68.93 3 0.109 1 4 1 2 4 8 15
60 144.05 11.93 427 1.170 1 3 4 2 8 7
61 90.96 18.11 352 0.980 1 1 1 15
62 197.25 -2.62 60 0.250 1 3 2 8 1 3
63 85.53 69.88 133 0.434 1 2 1 4 25
64 54.91 -20.96 565 1.513 4 1 15 7
65 165.25 45.19 474 1.286 2 1 9 4
66 41.35 61.61 413 1.133 1 4 1 2 4 8 7
67 6.61 -12.54 133 0.434 3 1 14 16
68 87.40 31.56 479 1.298 3 1 14 7
69 -3.59 -27.34 101 0.353 4 1 15 23
70 38.23 -12.00 78 0.296 3 3 11 7 13 31
71 195.31 41.53 451 1.228 3 1 11 7
72 169.85 12.34 434 1.186 2 3 5 6 12 7
73 22.20 61.33 332 0.930 3 3 11 7 14 3
74 132.58 73.76 41 0.203 1 4 1 2 4 8 26
75 114.89 51.28 85 0.314 2 3 3 12 10 15
76 116.46 31.61 624 1.662 1 4 1 2 4 8 2
77 186.82 -0.53 377 1.044 3 1 14 7
78 16.49 -8.30 484 1.311 3 2 13 14 7
79 32.72 66.99 418 1.146 1 4 1 2 4 8 6
80 135.42 42.04 89 0.324 2 1 12 21
81 20.72 57.07 368 1.021 1 3 8 2 4 15
82 128.26 52.10 346 0.967 1 3 1 4 8 12
83 85.45 18.45 75 0.289 1 4 1 2 4 8 13
84 45.41 -2.95 175 0.538 2 1 12 15
85 75.31 12.75
86 27.25 -18.41
