5 5 158 2 15.0
1 20 250 60 131.705 0.314
2 20 720 55 172.421 0.605
3 20 2400 55 356.647 0.756
4 20 4500 50 483.09 0.857
5 20 8400 45 451.215 1.528
1 93.44 27.65 309 0.875 3 2 19 11 12
2 142.99 -15.10 45 0.214 2 1 18 13
3 37.43 66.57 451 1.228 3 1 26 5
4 176.30 8.00 516 1.392 1 3 8 16 4 6
5 163.59 13.69 344 0.961 1 4 8 16 4 2 10
6 59.00 -32.22 431 1.178 1 5 1 2 4 8 16 7
7 32.38 -18.42 30 0.175 4 4 30 15 23 29 2
8 79.32 10.57 3 0.109 2 4 20 3 17 18 31
9 84.14 -31.60 85 0.313 3 2 26 25 27
10 184.34 7.41 273 0.783 1 5 1 2 4 8 16 2
11 28.90 -28.92 15 0.139 3 3 28 11 7 15
12 205.82 -10.20 358 0.995 2 4 18 20 10 3 15
13 186.45 43.59 49 0.224 3 3 13 11 7 30
14 202.69 1.98 64 0.262 2 3 12 3 17 31
15 69.24 35.03 518 1.396 5 1 31 6
16 1.16 -21.04 347 0.968 1 5 1 2 4 8 16 13
17 149.52 65.89 30 0.175 3 2 22 28 15
18 21.19 51.14 336 0.942 4 1 15 11
19 48.24 -4.79 105 0.363 2 2 3 9 29
20 157.53 -29.06 395 1.090 1 5 1 2 4 8 16 13
21 160.77 14.91 564 1.510 1 5 1 2 4 8 16 4
22 116.39 25.29 472 1.281 1 2 1 8 3
23 117.58 -16.74 472 1.281 3 2 13 28 5
24 196.06 60.93 3 0.110 3 1 21 23
25 25.80 14.58 41 0.203 1 5 1 2 4 8 16 31
26 65.59 39.57 554 1.487 1 5 1 2 4 8 16 6
27 68.56 60.95 355 0.989 3 2 28 26 15
28 112.75 -17.94 65 0.264 3 3 14 19 25 13
29 48.61 -7.14 7 0.119 3 2 22 25 29
30 91.74 27.58 343 0.958 1 5 1 2 4 8 16 15
31 39.70 73.65 372 1.032 4 3 15 23 29 6
32 -5.84 74.97 78 0.296 1 1 1 11
33 7.36 44.03 373 1.034 1 5 1 2 4 8 16 15
34 5.03 39.65 35 0.188 1 2 4 16 22
35 5.87 41.65 471 1.279 2 2 10 24 6
36 147.16 -33.51 339 0.949 1 3 2 16 1 15
37 -9.46 49.73 85 0.314 2 4 12 24 3 18 31
38 15.17 74.90 174 0.536 5 1 31 10
39 102.29 -15.84 30 0.175 5 1 31 31
40 184.19 18.97 339 0.949 2 2 6 12 7
41 132.62 -23.26 585 1.565 1 3 4 2 8 7
42 74.70 39.48 85 0.314 5 1 31 23
43 152.07 3.54 343 0.960 1 5 1 2 4 8 16 15
44 179.51 -15.95 60 0.250 2 3 3 24 9 31
45 31.30 -20.46 11 0.130 3 4 19 22 25 28 12
46 99.27 7.57 382 1.056 1 3 4 1 2 14
47 103.01 -13.30 120 0.401 2 3 12 6 24 15
48 192.12 53.95 30 0.175 3 3 7 11 19 31
49 123.00 45.78 234 0.687 1 1 1 15
50 175.42 -22.11 128 0.421 1 5 1 2 4 8 16 31
51 60.10 33.26 683 1.810 2 2 17 5 2
52 164.95 -10.65 343 0.958 4 1 15 15
53 58.34 -15.58 295 0.838 4 4 30 27 15 29 8
54 50.91 1.51 58 0.247 4 2 27 29 13
55 -10.71 16.88 7 0.119 2 1 18 20
56 204.49 64.83 364 1.012 4 2 15 30 13
57 134.02 75.85 333 0.933 1 5 1 2 4 8 16 15
58 108.82 52.21 81 0.303 1 1 2 30
59 127.80 38.13 127 0.419 1 5 1 2 4 8 16 31
60 0.98 3.43 101 0.354 5 1 31 23
61 141.07 73.06 428 1.170 5 1 31 7
62 48.71 42.48 238 0.696 3 2 28 22 15
63 200.60 -19.72 427 1.170 4 3 27 30 23 7
64 43.91 15.66 15 0.139 1 5 1 2 4 8 16 8
65 191.92 -12.63 382 1.056 2 1 3 11
66 54.31 30.31 508 1.372 3 4 21 19 11 7 6
67 116.71 9.78 30 0.175 4 4 23 27 29 15 29
68 4.91 0.11 574 1.536 1 2 1 16 7
69 61.58 52.55 174 0.536 1 5 1 2 4 8 16 14
70 193.12 23.66 30 0.175 5 1 31 9
71 135.46 -21.33 377 1.045 2 4 24 6 12 18 15
72 67.44 30.32 344 0.962 1 1 8 15
73 163.51 20.38 89 0.324 2 2 24 5 31
74 163.16 18.99 418 1.146 1 5 1 2 4 8 16 7
75 135.70 56.91 1060 2.751 2 4 9 18 12 6 3
76 108.00 59.96 332 0.931 1 1 2 9
77 83.91 61.23 343 0.958 4 3 27 15 29 15
78 116.33 41.88 330 0.925 2 1 9 14
79 45.53 -16.07 428 1.170 3 4 28 25 13 19 2
80 147.31 -29.72 7 0.119 1 5 1 2 4 8 16 22
81 172.98 -18.91 343 0.958 5 1 31 4
82 191.06 68.32 330 0.925 1 5 1 2 4 8 16 15
83 10.39 -8.48 472 1.282 1 4 8 1 16 4 5
84 89.40 15.02 60 0.250 3 4 28 22 11 19 26
85 29.12 20.46 135 0.438 5 1 31 31
86 167.67 0.60 527 1.419 5 1 31 2
87 186.54 27.98 448 1.222 1 1 4 7
88 -5.63 50.12 45 0.214 1 5 1 2 4 8 16 29
89 133.45 73.80 103 0.359 2 1 6 25
90 165.08 73.60 298 0.846 4 4 27 30 23 15 13
91 0.96 72.37 290 0.827 3 3 25 26 13 7
92 205.95 29.19 96 0.342 2 1 18 29
93 42.86 10.28 336 0.942 2 4 9 20 18 5 13
94 91.43 37.44 65 0.264 5 1 31 31
95 199.77 -15.79 196 0.591 3 1 21 15
96 2.51 6.74 461 1.253 2 3 6 12 17 2
97 -5.76 44.35 45 0.214 1 5 1 2 4 8 16 27
98 31.44 62.56 30 0.175 2 2 20 9 25
99 74.34 -21.79 60 0.250 3 4 14 21 19 11 7
100 163.42 49.61 88 0.320 3 1 22 31
101 106.03 -2.36 23 0.159 2 4 12 24 20 3 15
102 45.64 -2.74 58 0.246 2 3 18 3 9 21
103 87.33 40.48 372 1.030 1 5 1 2 4 8 16 13
104 168.86 -13.30 459 1.248 2 1 3 7
105 26.79 -15.68 104 0.360 1 5 1 2 4 8 16 31
106 13.17 -13.61 836 2.191 2 3 20 12 9 7
107 179.67 -30.68 343 0.958 1 4 16 4 2 1 15
108 49.67 4.02 514 1.386 2 2 18 12 5
109 184.60 73.40 299 0.849 4 2 23 29 11
110 -0.06 62.69 472 1.280 3 3 22 13 14 6
111 -6.80 -16.25 333 0.933 2 4 5 12 3 24 3
112 91.80 69.55 60 0.250 2 3 9 10 20 31
113 115.38 -4.83 382 1.055 4 1 27 15
114 130.98 35.04 60 0.250 5 1 31 7
115 118.81 14.20 527 1.419 2 2 3 12 5
116 57.18 0.56 59 0.248 3 4 13 28 22 7 29
117 91.76 36.98 418 1.146 3 2 28 14 6
118 103.73 -14.68 391 1.078 4 4 29 15 30 23 15
119 54.30 -31.83 510 1.376 3 2 26 22 7
120 125.35 40.63 347 0.969 1 3 16 8 4 13
121 118.96 -20.55 60 0.250 4 1 30 31
122 138.11 -10.18 78 0.295 2 3 17 24 10 27
123 20.29 -22.14 470 1.277 3 3 13 11 22 7
124 154.04 -2.70 326 0.917 2 1 17 15
125 8.67 62.31 370 1.025 1 5 1 2 4 8 16 15
126 5.47 -29.84 59 0.249 1 5 1 2 4 8 16 10
127 27.16 68.69 292 0.832 3 3 22 21 25 7
128 133.64 75.52 339 0.949 5 1 31 12
129 167.81 69.91 577 1.543 4 3 29 30 15 5
130 107.44 69.00 12 0.131 2 4 18 9 3 10 15
131 46.72 75.56 259 0.749 1 1 16 4
132 175.31 54.64 2 0.105 1 5 1 2 4 8 16 23
133 20.69 -34.13 290 0.827 1 1 1 5
134 120.66 23.32 648 1.722 2 1 18 4
135 -2.17 -15.96 510 1.376 1 4 2 16 4 1 4
136 205.24 31.44 117 0.394 3 2 22 11 11
137 72.48 74.26 236 0.692 2 2 12 5 14
138 27.54 36.06 503 1.358 4 1 15 7
139 121.14 52.56 60 0.250 1 5 1 2 4 8 16 21
140 27.31 -28.07 441 1.203 4 2 29 15 5
141 183.13 74.92 480 1.300 4 4 23 15 27 30 7
142 128.50 22.15 343 0.958 1 2 8 16 13
143 129.80 30.78 486 1.316 4 4 15 23 30 29 5
144 174.78 -5.72 327 0.918 2 4 18 12 3 6 15
145 95.22 54.71 258 0.747 1 1 1 15
146 33.38 68.99 87 0.319 4 4 15 29 30 27 27
147 190.45 15.76 363 1.009 1 5 1 2 4 8 16 15
148 138.03 -15.56 504 1.360 1 5 1 2 4 8 16 2
149 95.02 54.93 84 0.312 3 2 26 7 30
150 127.94 8.74 371 1.028 1 5 1 2 4 8 16 15
151 119.02 9.02 305 0.864 1 5 1 2 4 8 16 14
152 96.85 41.80 174 0.536 3 2 25 26 13
153 185.83 -16.50 349 0.973 1 5 1 2 4 8 16 12
154 175.64 25.05 60 0.250 1 1 2 30
155 31.75 -6.51 329 0.924 1 5 1 2 4 8 16 14
156 19.50 -15.92 579 1.548 4 1 27 3
157 105.56 11.75 463 1.258 5 1 31 1
158 42.58 3.78 82 0.306 3 3 14 13 28 29
159 18.59 -21.76
160 197.29 64.62
