2 5 295 3 15.0
1 20 250 60 101.435 0.339
2 20 720 55 194.23 0.548
3 20 2400 55 350.277 0.794
4 20 4500 50 509.327 1.145
5 20 8400 45 576.03 1.232
1 117.25 -32.48 60 0.250 1 1 2 15
2 96.61 16.60 332 0.931 2 1 3 7
3 90.09 56.73 33 0.185 2 1 3 31
4 179.48 59.01 257 0.745 1 1 2 15
5 187.93 62.08 311 0.879 2 1 3 15
6 186.36 -24.18 98 0.346 1 1 1 22
7 168.82 58.42 437 1.194 2 1 3 6
8 -1.10 46.01 11 0.129 2 1 3 29
9 42.73 66.10 190 0.577 1 1 2 15
10 24.79 -16.01 190 0.576 1 2 1 2 11
11 149.02 15.50 30 0.175 2 1 3 15
12 36.81 -31.00 59 0.250 1 2 1 2 27
13 88.01 -25.64 350 0.976 1 2 1 2 15
14 29.13 62.83 639 1.699 2 1 3 5
15 18.17 57.68 427 1.170 1 2 1 2 3
16 134.33 5.55 101 0.354 2 1 3 22
17 137.51 10.54 558 1.496 2 1 3 7
18 82.21 -18.76 105 0.364 1 2 1 2 29
19 125.81 9.91 428 1.170 1 2 1 2 7
20 201.18 37.81 102 0.356 1 2 1 2 14
21 10.02 34.74 58 0.246 2 1 3 23
22 -0.41 25.11 443 1.208 1 2 1 2 3
23 157.07 26.37 345 0.964 1 2 1 2 15
24 154.26 -34.21 290 0.827 1 2 1 2 11
25 111.57 5.81 30 0.175 2 1 3 21
26 51.65 3.06 349 0.973 2 1 3 6
27 89.40 -0.03 947 2.469 1 2 1 2 3
28 67.16 67.37 15 0.139 1 1 1 15
29 105.19 -29.81 299 0.848 1 1 1 6
30 103.39 24.21 6 0.115 1 2 1 2 12
31 24.67 35.91 158 0.497 1 2 1 2 15
32 152.22 -30.05 343 0.958 2 1 3 1
33 67.28 63.94 67 0.268 1 1 2 21
34 107.32 62.38 756 1.991 1 2 1 2 7
35 72.37 43.16 78 0.296 2 1 3 27
36 158.39 29.09 3 0.108 1 2 1 2 23
37 104.30 32.34 186 0.565 1 2 1 2 14
38 169.56 49.83 411 1.130 2 1 3 6
39 164.48 -32.79 159 0.499 2 1 3 6
40 81.58 75.88 191 0.580 2 1 3 6
41 33.82 73.14 331 0.928 1 1 2 15
42 184.09 57.01 234 0.687 1 2 1 2 7
43 -3.09 54.45 194 0.587 1 1 2 10
44 134.00 -13.18 292 0.832 1 2 1 2 15
45 188.79 73.97 30 0.175 1 1 1 29
46 -9.53 65.49 428 1.170 1 2 1 2 7
47 159.01 26.57 349 0.973 1 1 1 11
48 78.15 32.67 564 1.510 1 1 1 3
49 99.40 26.33 107 0.369 2 1 3 27
50 79.83 3.01 203 0.608 1 2 1 2 12
51 105.60 4.51 419 1.148 2 1 3 4
52 164.40 17.64 427 1.168 1 1 2 7
53 113.09 -11.32 447 1.219 1 2 1 2 7
54 25.12 29.18 60 0.250 2 1 3 23
55 52.10 25.10 364 1.010 1 2 1 2 12
56 120.81 22.82 89 0.324 2 1 3 12
57 198.76 44.51 384 1.060 2 1 3 15
58 31.70 20.84 45 0.214 1 2 1 2 13
59 133.18 73.43 453 1.233 1 2 1 2 2
60 144.05 70.57 170 0.527 1 2 1 2 10
61 7.03 -27.01 564 1.510 2 1 3 7
62 201.57 41.21 58 0.246 2 1 3 31
63 189.15 29.36 358 0.995 2 1 3 14
64 19.08 33.07 471 1.280 1 2 1 2 5
65 74.18 32.37 563 1.508 2 1 3 7
66 -2.61 -5.69 427 1.169 2 1 3 7
67 15.65 -15.61 342 0.957 1 2 1 2 13
68 180.50 -17.97 371 1.029 2 1 3 15
69 98.82 -11.92 82 0.306 1 2 1 2 29
70 10.99 -3.79 45 0.214 1 2 1 2 31
71 134.56 -4.66 78 0.296 1 2 1 2 27
72 41.48 -7.13 293 0.833 1 1 1 14
73 1.13 -21.04 301 0.853 2 1 3 10
74 160.28 17.04 234 0.687 1 2 1 2 11
75 154.93 -28.22 528 1.420 2 1 3 6
76 173.09 10.11 234 0.687 1 2 1 2 12
77 31.65 4.27 312 0.881 1 2 1 2 14
78 174.69 23.45 428 1.170 1 2 1 2 3
79 67.33 68.85 456 1.242 1 2 1 2 7
80 146.06 62.43 372 1.030 2 1 3 15
81 150.29 48.88 60 0.250 2 1 3 26
82 92.37 69.05 503 1.358 1 2 1 2 7
83 140.95 -33.53 338 0.946 1 2 1 2 13
84 40.03 -27.64 78 0.296 1 1 1 28
85 111.68 -17.99 66 0.267 1 2 1 2 21
86 46.55 -15.35 291 0.828 1 2 1 2 7
87 182.04 18.43 290 0.827 1 2 1 2 15
88 166.82 11.16 413 1.134 1 2 1 2 7
89 81.34 69.20 58 0.246 1 2 1 2 29
90 52.08 42.64 135 0.438 1 2 1 2 23
91 116.65 9.77 343 0.958 1 2 1 2 5
92 176.42 29.86 444 1.212 1 2 1 2 7
93 131.52 0.20 358 0.995 1 2 1 2 15
94 91.71 39.37 134 0.436 1 2 1 2 25
95 187.48 20.12 102 0.355 2 1 3 15
96 96.19 27.57 3 0.110 1 2 1 2 19
97 116.05 48.76 330 0.925 1 2 1 2 15
98 191.43 66.26 451 1.228 2 1 3 3
99 173.85 30.49 347 0.970 1 2 1 2 15
100 176.65 -13.67 562 1.506 2 1 3 3
101 119.76 65.49 15 0.139 2 1 3 15
102 20.87 11.69 51 0.230 1 2 1 2 26
103 104.27 49.79 348 0.972 1 2 1 2 7
104 150.83 49.52 337 0.944 2 1 3 15
105 176.95 60.07 472 1.281 1 2 1 2 7
106 19.08 23.36 30 0.175 1 2 1 2 30
107 9.13 -6.59 363 1.009 1 2 1 2 14
108 117.66 69.36 62 0.255 1 2 1 2 31
109 53.89 0.06 487 1.320 1 2 1 2 4
110 138.53 10.97 30 0.175 1 2 1 2 1
111 36.66 47.95 58 0.247 1 2 1 2 21
112 96.07 70.28 244 0.711 1 1 2 15
113 13.25 71.55 89 0.324 2 1 3 30
114 98.18 17.83 472 1.280 1 2 1 2 7
115 62.77 61.75 68 0.271 1 1 2 15
116 88.50 35.13 472 1.282 1 2 1 2 5
117 75.39 12.33 479 1.298 1 1 2 7
118 157.97 15.04 15 0.139 1 1 2 23
119 91.36 -18.14 200 0.602 1 2 1 2 15
120 183.36 67.49 343 0.958 2 1 3 7
121 138.02 34.88 343 0.959 2 1 3 11
122 72.20 -20.79 555 1.488 1 2 1 2 3
123 35.31 42.01 87 0.319 1 1 2 29
124 129.29 54.15 30 0.175 2 1 3 15
125 66.84 28.43 81 0.305 1 2 1 2 26
126 43.91 54.45 89 0.324 1 2 1 2 23
127 202.79 -12.10 419 1.149 1 2 1 2 3
128 23.45 -29.37 418 1.147 2 1 3 6
129 188.09 19.01 58 0.246 1 2 1 2 5
130 56.35 -12.82 102 0.356 1 2 1 2 27
131 67.44 -20.22 168 0.521 2 1 3 7
132 4.13 63.48 69 0.273 2 1 3 31
133 19.89 70.18 474 1.286 1 2 1 2 3
134 144.71 -20.69 372 1.030 2 1 3 7
135 -10.27 4.47 575 1.539 2 1 3 4
136 -5.66 25.04 2 0.105 2 1 3 31
137 204.28 64.59 453 1.234 2 1 3 7
138 41.43 51.56 589 1.573 2 1 3 7
139 37.53 10.08 316 0.891 1 2 1 2 6
140 37.28 49.28 340 0.951 2 1 3 11
141 85.64 48.99 377 1.045 1 2 1 2 7
142 174.81 72.73 371 1.029 1 1 1 15
143 32.19 40.30 138 0.446 2 1 3 29
144 6.99 66.02 326 0.917 2 1 3 11
145 5.91 23.07 429 1.174 1 2 1 2 3
146 65.04 34.02 381 1.054 1 2 1 2 7
147 197.29 -29.24 332 0.932 1 2 1 2 15
148 116.89 18.87 360 1.000 1 2 1 2 7
149 132.30 -28.04 60 0.250 1 1 2 31
150 146.03 0.95 106 0.366 1 2 1 2 21
151 154.46 -23.54 60 0.252 1 2 1 2 31
152 37.20 39.50 78 0.296 1 1 2 31
153 66.86 -8.20 384 1.060 1 2 1 2 15
154 122.75 30.69 290 0.827 2 1 3 15
155 159.45 49.92 78 0.297 2 1 3 22
156 105.77 48.68 174 0.536 1 1 2 8
157 17.06 -32.94 278 0.795 2 1 3 15
158 46.71 41.45 415 1.139 2 1 3 7
159 24.48 -27.04 274 0.786 1 2 1 2 12
160 53.82 41.71 349 0.973 1 2 1 2 15
161 73.72 -29.92 119 0.399 2 1 3 7
162 34.99 26.22 164 0.512 2 1 3 11
163 0.53 -8.34 5 0.114 1 2 1 2 23
164 143.65 23.71 258 0.746 2 1 3 12
165 43.66 60.69 569 1.524 2 1 3 6
166 133.81 26.24 169 0.523 1 2 1 2 15
167 161.94 64.71 58 0.246 2 1 3 9
168 164.96 46.55 6 0.117 2 1 3 3
169 168.30 -19.32 418 1.147 1 2 1 2 6
170 153.04 61.30 408 1.122 1 2 1 2 15
171 122.92 43.41 45 0.214 1 2 1 2 14
172 182.19 54.50 9 0.125 1 1 1 1
173 25.54 31.73 378 1.045 1 1 2 1
174 -4.69 73.76 74 0.287 1 2 1 2 30
175 41.43 38.78 60 0.250 1 2 1 2 31
176 198.64 40.69 15 0.138 2 1 3 31
177 132.93 -34.12 330 0.926 2 1 3 15
178 125.03 -34.20 1073 2.784 2 1 3 3
179 105.09 -9.90 373 1.034 1 2 1 2 7
180 22.58 -20.26 558 1.495 1 2 1 2 7
181 45.97 52.21 60 0.250 1 2 1 2 31
182 172.68 -9.23 45 0.214 1 2 1 2 31
183 173.63 69.80 60 0.252 1 2 1 2 11
184 115.68 30.69 377 1.045 1 2 1 2 15
185 132.30 -24.06 180 0.551 2 1 3 15
186 24.58 12.87 4 0.110 1 2 1 2 14
187 84.34 -21.04 382 1.056 1 1 2 13
188 94.78 41.65 129 0.423 1 1 1 31
189 -9.04 53.83 472 1.282 1 2 1 2 6
190 145.08 17.36 371 1.029 1 1 2 15
191 194.58 -33.06 378 1.047 2 1 3 15
192 117.27 36.25 407 1.120 2 1 3 12
193 163.91 58.57 322 0.906 1 2 1 2 6
194 86.67 -7.33 333 0.933 1 2 1 2 11
195 138.95 5.34 494 1.337 1 1 2 3
196 22.59 2.61 290 0.827 1 2 1 2 7
197 101.89 -14.82 89 0.323 1 1 2 22
198 178.67 41.76 89 0.324 1 2 1 2 31
199 7.89 -2.93 323 0.908 1 2 1 2 15
200 158.93 75.20 418 1.147 1 1 1 7
201 -2.04 -8.61 332 0.930 1 2 1 2 15
202 191.69 20.58 414 1.136 1 2 1 2 7
203 40.49 6.66 428 1.170 2 1 3 7
204 142.63 65.90 440 1.202 2 1 3 1
205 43.80 -13.63 427 1.169 1 2 1 2 7
206 44.19 42.71 50 0.227 1 2 1 2 19
207 4.53 50.61 30 0.175 2 1 3 24
208 151.65 -30.76 159 0.499 1 2 1 2 15
209 65.73 -13.93 78 0.296 1 2 1 2 31
210 49.59 51.70 65 0.264 2 1 3 23
211 102.20 -7.19 502 1.355 1 2 1 2 7
212 43.83 70.30 30 0.175 2 1 3 27
213 152.44 21.26 90 0.326 1 2 1 2 3
214 6.31 -29.91 330 0.925 2 1 3 15
215 173.01 25.81 15 0.139 2 1 3 5
216 78.59 48.54 428 1.170 1 2 1 2 7
217 50.11 9.22 45 0.214 2 1 3 26
218 205.34 23.94 478 1.295 2 1 3 2
219 98.51 -13.09 15 0.139 1 2 1 2 30
220 -9.32 -17.90 363 1.009 1 1 1 13
221 187.28 58.07 60 0.250 2 1 3 30
222 109.56 -34.26 372 1.030 1 2 1 2 15
223 169.29 -5.36 34 0.187 1 2 1 2 31
224 183.72 49.73 225 0.665 2 1 3 9
225 65.78 -15.16 372 1.032 1 2 1 2 7
226 6.42 55.11 30 0.175 2 1 3 30
227 -1.52 9.48 487 1.319 1 2 1 2 2
228 29.81 -10.34 290 0.827 2 1 3 7
229 125.31 12.82 296 0.841 1 2 1 2 7
230 182.50 75.67 105 0.364 2 1 3 31
231 111.25 24.29 30 0.175 2 1 3 21
232 139.67 75.35 2 0.105 1 2 1 2 28
233 97.48 28.10 234 0.687 2 1 3 15
234 89.91 -15.41 4 0.110 2 1 3 14
235 27.76 -16.09 180 0.551 1 2 1 2 15
236 189.09 14.73 50 0.227 1 2 1 2 31
237 6.31 67.32 30 0.176 2 1 3 11
238 164.10 8.12 87 0.318 1 2 1 2 23
239 162.07 11.92 635 1.688 2 1 3 3
240 124.02 70.00 593 1.585 1 2 1 2 6
241 187.55 12.05 30 0.176 1 2 1 2 31
242 61.63 71.50 30 0.175 2 1 3 21
243 117.90 -0.15 146 0.466 1 2 1 2 15
244 65.78 27.20 426 1.167 2 1 3 7
245 202.53 39.47 174 0.536 2 1 3 5
246 193.60 38.53 477 1.294 2 1 3 7
247 8.76 -16.93 47 0.218 2 1 3 16
248 184.61 52.14 495 1.339 2 1 3 7
249 59.87 70.82 564 1.510 2 1 3 6
250 101.78 36.96 408 1.120 1 2 1 2 6
251 63.42 60.26 265 0.764 1 1 2 7
252 137.03 12.46 30 0.175 1 2 1 2 22
253 133.72 50.30 236 0.692 2 1 3 14
254 204.69 37.82 481 1.305 1 1 2 7
255 193.87 42.12 510 1.376 1 2 1 2 2
256 109.56 16.48 79 0.298 2 1 3 31
257 191.88 10.33 410 1.126 1 2 1 2 5
258 -6.75 -29.41 412 1.130 1 2 1 2 5
259 161.88 -33.36 30 0.175 2 1 3 15
260 62.27 -9.38 85 0.314 2 1 3 13
261 23.27 9.01 58 0.247 2 1 3 31
262 176.44 6.40 45 0.214 2 1 3 30
263 91.86 -25.15 72 0.282 2 1 3 30
264 111.32 66.46 516 1.391 1 2 1 2 7
265 125.69 -32.55 347 0.969 1 2 1 2 15
266 133.11 -23.68 579 1.548 2 1 3 3
267 176.34 -23.42 290 0.827 2 1 3 14
268 162.74 26.54 244 0.711 1 2 1 2 15
269 10.27 -16.93 168 0.521 1 2 1 2 14
270 120.00 -3.35 59 0.249 2 1 3 27
271 185.55 52.01 30 0.175 2 1 3 14
272 135.36 72.20 65 0.263 1 2 1 2 31
273 199.42 74.42 290 0.827 1 1 2 11
274 95.08 50.99 427 1.168 2 1 3 1
275 141.39 14.21 641 1.703 1 2 1 2 7
276 36.26 5.24 101 0.354 1 1 2 28
277 48.51 47.85 379 1.049 2 1 3 11
278 21.95 52.23 89 0.324 1 2 1 2 25
279 157.54 55.22 52 0.231 1 2 1 2 31
280 160.96 -0.29 416 1.141 1 2 1 2 5
281 135.49 12.58 274 0.785 2 1 3 15
282 158.15 11.57 45 0.214 1 2 1 2 29
283 95.31 17.74 434 1.187 1 1 2 7
284 56.55 57.76 325 0.914 2 1 3 13
285 109.19 65.25 506 1.366 2 1 3 4
286 199.90 15.85 599 1.600 1 2 1 2 6
287 -0.62 -10.91 418 1.147 1 1 1 7
288 193.03 -22.88 398 1.096 2 1 3 5
289 196.49 18.08 12 0.131 1 1 1 30
290 44.34 -13.07 77 0.293 1 2 1 2 13
291 122.81 -24.11 255 0.740 2 1 3 5
292 141.51 12.65 78 0.296 2 1 3 30
293 48.69 66.81 372 1.030 1 2 1 2 8
294 7.57 54.92 349 0.973 1 2 1 2 7
295 112.98 55.38 383 1.058 2 1 3 11
296 143.73 75.51
297 162.21 -26.45
298 123.43 0.64
