6 5 195 2 15.0
1 20 250 60 134.193 0.401
2 20 720 55 200.133 0.548
3 20 2400 55 394.193 0.832
4 20 4500 50 383.469 1.017
5 20 8400 45 534.526 1.383
1 75.49 29.60 129 0.423 2 4 48 40 17 10 31
2 73.76 13.59 642 1.705 2 2 20 6 3
3 196.44 13.60 105 0.364 1 6 1 2 4 8 16 32 30
4 184.83 73.70 94 0.337 2 1 20 31
5 161.01 5.49 90 0.327 1 6 1 2 4 8 16 32 12
6 31.28 44.71 267 0.768 1 3 4 8 1 13
7 22.83 71.60 199 0.600 3 4 19 35 11 41 5
8 129.90 -6.05 174 0.536 1 3 4 1 8 14
9 185.02 -20.07 30 0.176 1 3 2 1 8 31
10 110.76 42.09 117 0.394 2 1 20 31
11 17.46 70.77 4 0.110 1 6 1 2 4 8 16 32 29
12 1.53 49.62 89 0.324 2 1 6 23
13 15.81 -13.76 107 0.370 2 1 20 30
14 163.28 1.49 440 1.202 1 6 1 2 4 8 16 32 7
15 176.03 -4.32 371 1.029 1 3 1 32 4 15
16 81.28 3.65 6 0.115 3 1 21 25
17 170.60 -6.21 525 1.415 1 6 1 2 4 8 16 32 5
18 118.62 43.59 358 0.995 3 1 25 11
19 66.63 20.76 44 0.212 1 6 1 2 4 8 16 32 31
20 116.54 75.60 557 1.493 1 1 1 3
21 155.26 -0.12 573 1.533 6 1 63 3
22 168.76 22.80 302 0.856 1 6 1 2 4 8 16 32 1
23 117.37 46.73 3 0.110 1 6 1 2 4 8 16 32 22
24 23.57 -7.32 347 0.970 2 5 17 40 9 34 12 9
25 138.24 57.90 89 0.324 2 3 3 48 20 31
26 132.23 60.83 334 0.937 1 5 16 32 8 4 2 15
27 133.32 -2.53 484 1.311 6 1 63 7
28 133.09 -24.02 488 1.321 6 1 63 3
29 71.47 4.50 358 0.995 1 6 1 2 4 8 16 32 15
30 169.27 54.98 30 0.175 2 4 9 10 20 3 25
31 126.39 52.50 60 0.250 1 4 8 2 1 32 2
32 -4.94 -14.62 59 0.248 3 5 35 52 26 28 13 21
33 131.20 -21.08 192 0.581 1 6 1 2 4 8 16 32 5
34 72.15 67.75 241 0.704 1 3 2 1 8 13
35 172.85 -11.46 12 0.132 2 1 33 29
36 92.91 18.55 292 0.830 2 3 40 33 12 14
37 46.80 33.60 87 0.318 2 2 40 24 15
38 148.01 -26.50 102 0.356 2 2 9 12 31
39 197.71 -25.88 671 1.780 2 4 12 17 10 5 6
40 105.94 71.96 497 1.345 1 6 1 2 4 8 16 32 1
41 201.38 22.36 30 0.175 3 2 28 11 19
42 27.82 -30.57 27 0.169 1 3 32 2 16 31
43 17.02 -25.02 262 0.755 4 1 60 15
44 40.30 0.91 256 0.740 1 6 1 2 4 8 16 32 3
45 105.18 7.09 15 0.139 2 1 36 15
46 100.63 14.33 414 1.135 3 4 26 28 42 37 4
47 145.29 56.49 428 1.170 1 6 1 2 4 8 16 32 3
48 26.36 73.50 440 1.202 1 5 1 2 32 16 4 4
49 34.38 25.88 39 0.198 4 5 30 54 29 27 46 29
50 166.51 57.36 352 0.980 1 6 1 2 4 8 16 32 14
51 159.32 -29.07 482 1.307 4 1 29 7
52 144.63 71.50 69 0.274 1 6 1 2 4 8 16 32 15
53 124.92 5.19 372 1.030 1 6 1 2 4 8 16 32 15
54 191.12 1.59 175 0.540 2 3 40 6 9 15
55 35.10 64.07 383 1.058 4 2 45 57 5
56 157.61 70.29 129 0.423 5 4 47 62 61 55 29
57 36.26 44.36 372 1.031 6 1 63 15
58 70.03 -20.41 60 0.250 1 6 1 2 4 8 16 32 31
59 82.65 53.20 138 0.446 5 4 55 47 31 61 7
60 160.47 18.16 713 1.884 1 6 1 2 4 8 16 32 5
61 16.72 58.93 376 1.042 1 6 1 2 4 8 16 32 15
62 44.54 39.39 45 0.214 5 1 47 23
63 187.29 50.34 96 0.342 4 5 45 27 43 54 51 23
64 8.12 71.41 475 1.288 2 3 5 33 6 5
65 97.97 -33.36 89 0.324 4 3 58 51 60 31
66 112.55 5.92 7 0.119 5 3 62 59 47 31
67 102.77 43.40 290 0.826 6 1 63 10
68 12.01 3.05 30 0.175 2 3 3 48 9 23
69 103.64 1.42 471 1.279 2 1 24 7
70 -5.68 7.20 60 0.250 1 6 1 2 4 8 16 32 31
71 10.60 -25.49 30 0.175 1 6 1 2 4 8 16 32 31
72 153.97 53.68 30 0.176 2 3 5 48 18 31
73 103.33 69.34 295 0.840 1 1 4 11
74 10.81 21.78 347 0.969 6 1 63 11
75 138.08 56.08 243 0.709 1 3 4 1 2 13
76 184.35 36.74 11 0.129 6 1 63 7
77 195.48 57.33 249 0.724 2 4 24 20 3 33 5
78 135.35 0.03 877 2.294 1 6 1 2 4 8 16 32 4
79 163.32 64.13 518 1.396 1 6 1 2 4 8 16 32 7
80 6.40 73.04 472 1.282 3 5 14 37 49 25 38 7
81 109.70 21.84 49 0.224 1 6 1 2 4 8 16 32 17
82 164.98 -17.75 50 0.226 6 1 63 30
83 7.37 67.51 30 0.175 2 1 6 13
84 101.29 -21.64 75 0.289 4 1 29 23
85 198.49 69.83 15 0.139 6 1 63 19
86 4.09 40.59 30 0.175 1 4 2 32 1 8 31
87 46.47 60.98 326 0.915 3 1 49 15
88 46.93 4.12 484 1.312 1 6 1 2 4 8 16 32 5
89 124.38 -3.17 434 1.185 3 3 41 35 28 7
90 193.29 54.74 45 0.214 1 6 1 2 4 8 16 32 11
91 25.97 69.16 374 1.036 6 1 63 15
92 36.47 70.13 332 0.932 1 6 1 2 4 8 16 32 11
93 192.52 -7.91 383 1.060 3 2 13 19 5
94 101.00 -5.95 333 0.933 1 6 1 2 4 8 16 32 7
95 85.23 71.40 472 1.280 5 5 47 61 59 55 62 7
96 73.02 59.17 127 0.418 1 1 8 23
97 44.12 -31.04 563 1.508 3 2 13 41 3
98 20.29 -4.22 412 1.131 2 2 40 5 7
99 79.13 58.08 524 1.412 2 3 48 10 12 7
100 86.21 53.39 84 0.311 1 6 1 2 4 8 16 32 27
101 98.99 45.00 45 0.214 1 6 1 2 4 8 16 32 27
102 194.07 51.28 290 0.827 4 3 53 54 29 6
103 95.45 40.99 461 1.253 1 6 1 2 4 8 16 32 7
104 93.31 5.27 515 1.389 2 2 12 6 7
105 46.05 4.48 30 0.175 2 3 17 9 24 5
106 3.28 41.51 392 1.081 1 6 1 2 4 8 16 32 14
107 95.16 66.12 59 0.248 1 5 1 2 8 4 32 28
108 116.26 65.65 516 1.391 1 6 1 2 4 8 16 32 6
109 176.68 67.03 73 0.284 1 6 1 2 4 8 16 32 31
110 12.13 23.51 515 1.388 6 1 63 6
111 89.33 -15.78 65 0.264 4 1 30 23
112 43.71 -7.74 370 1.025 1 6 1 2 4 8 16 32 5
113 184.67 -25.76 30 0.175 1 6 1 2 4 8 16 32 30
114 137.66 67.56 481 1.304 2 1 24 4
115 43.03 47.58 468 1.270 3 2 38 14 7
116 52.03 -34.16 30 0.175 2 5 24 5 20 40 48 3
117 -6.89 73.59 65 0.265 2 1 12 15
118 188.29 67.02 285 0.815 4 2 43 23 11
119 85.53 3.53 106 0.367 2 1 48 31
120 156.29 55.39 563 1.508 1 6 1 2 4 8 16 32 7
121 173.33 29.64 174 0.536 6 1 63 15
122 149.72 -34.03 424 1.160 1 2 2 32 7
123 16.72 4.66 371 1.029 3 4 49 38 7 11 15
124 119.77 15.07 606 1.616 4 3 43 54 30 6
125 122.24 67.18 30 0.175 1 3 8 32 1 10
126 109.80 60.01 7 0.118 1 6 1 2 4 8 16 32 15
127 112.76 -6.30 641 1.705 2 3 3 9 6 6
128 154.02 75.26 501 1.353 2 4 20 3 24 17 7
129 58.37 3.18 373 1.034 3 1 28 11
130 165.21 -6.59 356 0.992 3 1 25 11
131 179.31 29.06 40 0.202 2 1 18 20
132 14.09 21.31 30 0.175 5 5 31 59 55 47 61 31
133 125.95 1.20 150 0.475 1 6 1 2 4 8 16 32 5
134 110.58 29.99 361 1.004 1 6 1 2 4 8 16 32 9
135 138.94 28.99 45 0.214 2 1 40 30
136 1.49 16.07 347 0.969 2 4 34 40 3 17 11
137 68.93 7.53 242 0.705 1 6 1 2 4 8 16 32 13
138 134.63 47.63 173 0.533 5 4 61 47 31 59 7
139 -1.96 18.42 1010 2.625 3 4 19 49 11 7 3
140 16.51 -12.36 190 0.577 6 1 63 11
141 89.75 -33.34 831 2.179 6 1 63 7
142 172.42 5.39 22 0.155 2 3 3 24 6 27
143 139.94 39.58 331 0.930 3 1 26 15
144 34.53 -17.80 89 0.324 2 5 6 3 36 10 34 31
145 132.82 28.96 30 0.175 1 5 8 4 1 16 32 23
146 79.50 -2.89 374 1.036 1 2 32 8 15
147 12.29 69.21 359 0.999 1 6 1 2 4 8 16 32 9
148 155.50 -9.75 598 1.597 1 6 1 2 4 8 16 32 7
149 38.88 71.39 78 0.297 4 2 60 30 30
150 203.50 2.84 265 0.764 1 6 1 2 4 8 16 32 15
151 192.31 -12.47 509 1.375 4 5 30 57 45 39 29 4
152 116.26 -0.28 58 0.246 2 4 24 6 18 10 12
153 9.76 19.07 15 0.139 1 6 1 2 4 8 16 32 23
154 54.55 27.29 105 0.364 2 3 36 17 5 28
155 20.72 26.99 378 1.047 1 2 8 32 6
156 103.65 -27.56 371 1.029 4 1 60 11
157 37.78 15.80 408 1.120 1 4 1 32 16 4 10
158 122.84 71.09 70 0.276 3 3 44 25 52 31
159 164.36 6.22 441 1.205 5 4 62 31 47 61 1
160 30.80 -9.51 3 0.109 1 4 4 8 1 16 6
161 4.34 75.41 249 0.723 1 1 1 15
162 30.38 58.46 527 1.418 2 3 24 5 3 1
163 82.92 75.20 371 1.029 1 6 1 2 4 8 16 32 15
164 42.57 25.21 343 0.958 4 4 58 27 60 54 15
165 42.51 -28.23 372 1.030 6 1 63 13
166 73.34 -15.24 358 0.995 6 1 63 7
167 119.97 -28.51 377 1.044 1 6 1 2 4 8 16 32 6
168 60.23 11.59 7 0.118 1 2 2 32 31
169 143.91 24.24 290 0.827 3 5 7 25 14 35 50 13
170 120.78 29.71 290 0.826 1 6 1 2 4 8 16 32 7
171 177.43 -18.04 30 0.175 1 6 1 2 4 8 16 32 19
172 131.66 59.33 258 0.746 1 6 1 2 4 8 16 32 13
173 188.73 35.29 45 0.213 2 4 10 36 20 6 31
174 62.27 -12.61 15 0.139 2 5 36 20 6 5 40 31
175 96.75 -31.62 329 0.923 1 4 16 2 1 8 15
176 149.29 9.25 965 2.513 4 2 60 57 2
177 123.20 30.48 456 1.240 5 3 55 59 61 3
178 100.41 -7.41 21 0.153 6 1 63 19
179 19.99 -32.09 242 0.706 2 2 9 24 14
180 10.14 16.62 91 0.328 5 2 31 62 9
181 117.22 23.68 15 0.139 1 6 1 2 4 8 16 32 30
182 54.80 41.54 59 0.248 6 1 63 19
183 21.31 42.03 529 1.423 1 2 4 8 3
184 157.17 28.07 30 0.175 2 5 12 17 5 3 36 23
185 166.44 51.79 318 0.897 4 1 27 14
186 112.45 9.29 573 1.535 3 1 28 3
187 122.57 25.44 374 1.037 1 6 1 2 4 8 16 32 13
188 49.96 54.82 30 0.175 1 6 1 2 4 8 16 32 11
189 131.45 -26.87 3 0.110 5 2 55 59 23
190 189.10 68.36 89 0.324 6 1 63 18
191 131.42 68.67 179 0.550 1 6 1 2 4 8 16 32 13
192 136.94 -19.88 343 0.958 1 6 1 2 4 8 16 32 14
193 88.01 31.52 30 0.175 2 2 33 9 10
194 85.92 24.77 101 0.353 2 3 48 18 20 31
195 163.20 75.27 510 1.377 2 1 36 7
196 192.64 -4.66
197 102.18 0.04
