3 5 194 4 15.0
1 20 250 60 128.069 0.4
2 20 720 55 200.291 0.495
3 20 2400 55 335.919 0.884
4 20 4500 50 492.574 0.936
5 20 8400 45 497.992 1.524
1 193.81 11.75 481 1.303 1 2 2 4 7
2 41.02 10.49 370 1.027 1 3 1 2 4 13
3 77.43 31.35 441 1.204 1 3 1 2 4 1
4 18.11 56.34 102 0.357 1 1 2 11
5 2.70 13.84 3 0.109 2 1 3 28
6 96.25 32.36 395 1.090 1 3 1 2 4 15
7 114.22 50.11 330 0.925 1 3 1 2 4 10
8 -5.44 3.39 348 0.972 3 1 7 13
9 146.87 57.77 510 1.377 2 1 3 5
10 30.86 38.34 65 0.264 2 2 6 3 31
11 141.84 44.70 30 0.175 3 1 7 31
12 205.28 10.15 344 0.960 2 1 5 15
13 111.47 -20.07 30 0.175 1 2 4 2 2
14 125.13 55.46 45 0.214 3 1 7 15
15 76.09 -1.92 343 0.958 3 1 7 1
16 23.19 -16.58 372 1.030 1 3 1 2 4 15
17 173.63 3.53 418 1.146 3 1 7 7
18 169.83 36.08 390 1.077 1 3 1 2 4 13
19 175.01 61.50 30 0.175 1 3 1 2 4 16
20 193.52 -8.04 30 0.175 3 1 7 12
21 82.81 44.78 564 1.510 3 1 7 2
22 184.05 -3.81 342 0.957 1 2 4 1 13
23 119.61 -5.51 30 0.175 1 1 1 26
24 130.06 24.11 379 1.050 1 1 4 15
25 94.19 44.13 371 1.030 1 3 1 2 4 15
26 31.46 -30.92 116 0.392 3 1 7 30
27 -5.12 38.00 55 0.238 2 1 5 15
28 25.56 60.69 486 1.316 3 1 7 7
29 201.48 9.47 251 0.728 1 3 1 2 4 11
30 2.23 58.29 290 0.827 1 3 1 2 4 5
31 205.73 5.69 449 1.225 2 1 5 3
32 48.59 -32.72 363 1.009 1 3 1 2 4 10
33 17.40 61.06 86 0.316 2 2 5 6 10
34 165.76 19.26 58 0.247 1 3 1 2 4 30
35 115.52 57.26 341 0.953 1 3 1 2 4 12
36 -0.25 55.73 442 1.207 1 1 2 7
37 -0.81 -28.95 102 0.356 1 3 1 2 4 7
38 197.81 29.26 30 0.175 1 2 4 1 31
39 115.07 -22.26 127 0.419 3 1 7 31
40 9.50 49.61 254 0.736 2 1 3 13
41 193.80 10.92 563 1.509 2 2 5 6 7
42 65.05 62.85 78 0.296 1 3 1 2 4 23
43 182.74 10.53 290 0.827 3 1 7 9
44 127.80 58.33 509 1.374 2 2 6 3 5
45 20.69 38.57 60 0.250 1 3 1 2 4 7
46 170.24 -7.80 442 1.206 1 2 1 2 1
47 -0.49 20.96 343 0.958 1 3 1 2 4 14
48 13.49 3.56 129 0.423 2 1 5 21
49 20.74 19.63 510 1.377 3 1 7 5
50 189.86 -10.91 343 0.959 1 3 1 2 4 7
51 55.42 -30.07 238 0.695 1 3 1 2 4 15
52 177.20 6.18 486 1.317 1 3 1 2 4 4
53 96.24 -20.62 370 1.027 2 2 6 3 14
54 49.72 14.61 488 1.322 1 1 2 7
55 71.89 45.39 359 0.999 1 1 4 15
56 163.92 75.57 71 0.278 1 1 2 31
57 205.55 45.37 405 1.114 1 1 2 3
58 14.17 17.90 83 0.308 3 1 7 31
59 124.52 9.73 89 0.324 1 3 1 2 4 11
60 175.09 45.99 428 1.172 2 1 3 7
61 88.09 43.66 117 0.394 3 1 7 31
62 127.48 57.53 30 0.175 1 2 4 2 30
63 181.94 -9.16 58 0.247 2 1 5 29
64 203.43 54.80 82 0.307 1 1 2 5
65 24.53 32.75 45 0.214 1 3 1 2 4 29
66 120.69 73.79 373 1.034 1 2 1 2 15
67 133.78 28.40 265 0.764 2 2 6 5 14
68 135.52 56.50 78 0.296 1 3 1 2 4 30
69 179.91 23.69 425 1.163 2 2 5 3 3
70 114.55 61.39 332 0.932 2 1 6 13
71 170.73 68.50 30 0.175 1 2 1 2 6
72 186.80 18.99 6 0.115 1 3 1 2 4 9
73 155.21 11.94 371 1.029 1 3 1 2 4 15
74 155.60 48.74 331 0.930 1 3 1 2 4 13
75 137.40 35.60 336 0.940 1 3 1 2 4 3
76 111.18 71.10 130 0.427 3 1 7 19
77 29.72 -14.42 770 2.026 2 1 5 3
78 110.28 65.58 78 0.296 1 3 1 2 4 30
79 157.84 31.27 410 1.126 2 1 6 11
80 35.71 -33.08 137 0.444 1 2 4 1 31
81 70.43 11.51 101 0.355 1 3 1 2 4 15
82 142.18 13.22 515 1.389 1 2 2 1 7
83 131.27 52.17 486 1.317 1 1 2 1
84 127.60 74.77 473 1.285 3 1 7 7
85 188.60 43.15 175 0.540 1 3 1 2 4 1
86 122.84 50.95 205 0.613 2 2 3 5 5
87 158.86 -25.86 27 0.168 3 1 7 31
88 -0.74 53.45 174 0.535 3 1 7 5
89 88.03 53.97 7 0.119 1 1 1 31
90 141.12 10.59 12 0.131 2 2 5 6 23
91 91.51 -27.75 335 0.940 2 2 5 3 7
92 15.87 30.83 382 1.057 3 1 7 9
93 135.22 -30.12 30 0.175 3 1 7 24
94 124.44 -28.95 520 1.402 1 1 2 7
95 15.96 51.72 30 0.175 2 1 6 30
96 122.44 -3.57 45 0.214 2 1 3 23
97 160.23 60.35 30 0.175 2 1 5 30
98 147.55 17.08 30 0.175 2 2 6 3 3
99 111.38 52.73 3 0.109 2 1 5 12
100 171.86 -9.92 30 0.175 2 1 6 23
101 195.86 13.97 60 0.250 1 2 1 4 30
102 164.49 76.46 89 0.324 2 2 5 3 28
103 173.76 61.16 31 0.179 2 2 3 6 17
104 117.34 -22.31 30 0.175 2 1 6 24
105 135.14 29.34 7 0.119 2 2 6 3 30
106 167.02 19.63 372 1.032 2 1 5 14
107 27.23 -32.40 372 1.030 2 2 6 3 13
108 119.27 12.17 363 1.009 2 2 5 6 9
109 134.05 3.76 331 0.929 3 1 7 11
110 200.76 71.32 352 0.980 3 1 7 11
111 63.31 -19.97 371 1.030 2 2 6 3 12
112 161.83 1.74 63 0.258 1 2 4 2 29
113 24.41 75.00 30 0.175 2 2 3 6 23
114 13.66 -9.93 572 1.531 1 3 1 2 4 7
115 41.20 -1.42 30 0.176 1 3 1 2 4 31
116 186.71 38.65 9 0.125 3 1 7 10
117 42.96 31.04 174 0.536 1 3 1 2 4 15
118 164.23 -23.15 30 0.175 1 3 1 2 4 11
119 109.10 57.98 290 0.827 1 2 2 1 9
120 161.14 36.60 85 0.314 1 3 1 2 4 23
121 166.43 -10.83 353 0.984 1 3 1 2 4 9
122 147.55 -30.83 315 0.889 1 3 1 2 4 9
123 -7.75 -17.05 58 0.247 3 1 7 27
124 59.90 27.40 225 0.664 1 1 1 10
125 11.50 -19.62 116 0.391 3 1 7 28
126 149.43 62.36 379 1.048 1 3 1 2 4 14
127 169.90 29.78 3 0.109 1 3 1 2 4 29
128 101.24 -32.30 527 1.420 3 1 7 7
129 57.99 48.34 45 0.214 3 1 7 31
130 55.17 68.58 203 0.608 3 1 7 15
131 150.30 36.37 373 1.033 3 1 7 13
132 21.03 12.13 75 0.289 2 2 6 5 27
133 139.23 27.58 510 1.376 1 1 4 2
134 13.58 4.99 371 1.028 1 3 1 2 4 15
135 160.53 56.94 381 1.055 1 3 1 2 4 15
136 27.45 44.22 428 1.170 2 1 6 7
137 50.23 42.22 502 1.356 1 3 1 2 4 5
138 144.48 2.79 115 0.390 3 1 7 27
139 121.05 -3.49 89 0.324 1 3 1 2 4 31
140 43.52 18.91 5 0.115 2 2 3 5 13
141 60.12 -4.14 584 1.561 2 1 6 7
142 74.43 72.75 11 0.130 1 3 1 2 4 23
143 187.56 61.19 371 1.030 1 3 1 2 4 15
144 117.41 -26.06 1013 2.633 2 1 3 6
145 35.30 10.61 207 0.619 3 1 7 15
146 21.64 23.80 60 0.250 3 1 7 31
147 157.54 -0.57 316 0.892 2 1 6 7
148 164.43 15.36 248 0.721 1 3 1 2 4 2
149 36.73 -17.86 60 0.250 1 3 1 2 4 14
150 29.40 -8.73 553 1.484 2 2 5 6 3
151 184.48 -30.53 418 1.146 2 2 3 6 7
152 189.97 55.05 380 1.052 1 3 1 2 4 12
153 126.69 -28.45 192 0.582 2 1 3 14
154 165.80 66.86 471 1.279 2 2 5 6 3
155 168.40 75.71 333 0.935 2 1 6 13
156 80.65 -10.03 179 0.549 1 3 1 2 4 15
157 191.95 23.80 571 1.530 2 2 3 6 3
158 -5.30 74.95 448 1.222 3 1 7 7
159 72.68 36.97 474 1.285 2 1 5 3
160 131.59 23.09 328 0.921 1 3 1 2 4 7
161 194.56 41.69 15 0.139 1 3 1 2 4 28
162 4.02 69.80 372 1.030 1 2 2 4 11
163 -10.19 42.74 339 0.948 3 1 7 4
164 115.80 72.41 450 1.226 3 1 7 2
165 67.24 25.71 473 1.284 1 2 2 4 3
166 92.88 9.76 61 0.253 3 1 7 22
167 162.62 1.96 65 0.264 1 3 1 2 4 22
168 27.93 49.29 60 0.250 2 2 5 6 31
169 202.63 29.03 7 0.119 1 2 1 2 15
170 103.92 19.74 579 1.550 1 3 1 2 4 2
171 18.42 -8.70 96 0.342 1 2 2 4 30
172 154.93 29.42 241 0.703 1 3 1 2 4 1
173 4.23 -10.14 60 0.250 3 1 7 26
174 94.46 -31.20 168 0.521 2 1 5 11
175 -8.19 72.79 30 0.175 1 3 1 2 4 29
176 143.54 71.05 60 0.250 1 1 4 27
177 -4.29 -19.71 351 0.979 3 1 7 12
178 144.16 41.06 370 1.025 1 3 1 2 4 13
179 161.13 53.13 98 0.346 3 1 7 30
180 71.18 40.85 3 0.109 1 3 1 2 4 31
181 -8.41 61.64 363 1.009 3 1 7 5
182 57.43 18.76 89 0.323 1 3 1 2 4 31
183 116.96 40.89 105 0.364 2 2 6 3 25
184 27.91 32.31 87 0.318 2 2 6 3 31
185 41.61 14.98 45 0.214 1 3 1 2 4 30
186 188.32 31.50 63 0.258 2 2 6 5 7
187 192.52 -12.27 330 0.926 1 3 1 2 4 11
188 202.64 35.01 363 1.009 3 1 7 15
189 30.03 64.37 12 0.131 1 3 1 2 4 31
190 131.24 26.91 473 1.285 3 1 7 6
191 171.39 2.09 88 0.322 1 3 1 2 4 30
192 51.44 -15.76 105 0.364 1 3 1 2 4 31
193 23.24 24.62 423 1.158 1 3 1 2 4 5
194 93.27 19.93 234 0.686 2 1 6 15
195 80.26 -23.09
196 195.17 -21.26
197 103.56 -21.29
198 35.54 -18.26
