2 5 54 2 15.0
1 20 250 60 117.802 0.374
2 20 720 55 152.749 0.589
3 20 2400 55 382.459 0.911
4 20 4500 50 403.851 1.041
5 20 8400 45 598.145 1.46
1 166.96 -9.15 343 0.960 2 1 3 11
2 175.62 5.77 60 0.250 2 1 3 29
3 74.02 5.09 108 0.370 1 2 1 2 13
4 118.40 66.08 202 0.605 1 2 1 2 15
5 85.71 27.75 343 0.958 2 1 3 15
6 189.04 55.86 30 0.175 1 2 1 2 19
7 42.72 -27.67 60 0.250 1 2 1 2 15
8 110.16 -19.43 59 0.248 1 1 1 22
9 62.12 59.79 504 1.362 1 2 1 2 3
10 51.35 40.67 30 0.175 2 1 3 7
11 37.87 69.61 105 0.364 2 1 3 31
12 87.61 37.96 384 1.060 1 2 1 2 15
13 203.32 68.26 89 0.325 1 2 1 2 30
14 172.92 46.04 241 0.703 2 1 3 13
15 47.81 15.33 352 0.980 1 2 1 2 15
16 128.93 4.78 203 0.610 1 2 1 2 13
17 90.24 41.70 505 1.365 1 1 1 6
18 134.10 16.96 292 0.830 2 1 3 7
19 171.29 -19.63 479 1.299 1 1 1 6
20 190.05 20.74 15 0.139 1 2 1 2 17
21 114.39 63.49 2 0.105 1 2 1 2 28
22 90.10 24.93 374 1.037 1 2 1 2 10
23 34.86 4.92 418 1.146 1 2 1 2 4
24 53.64 65.25 59 0.248 1 1 1 28
25 18.03 27.89 375 1.039 1 1 1 13
26 75.58 14.10 246 0.716 1 2 1 2 15
27 22.80 -4.68 718 1.896 1 2 1 2 6
28 16.39 63.77 30 0.175 2 1 3 25
29 65.51 -4.50 387 1.068 2 1 3 15
30 132.53 46.22 326 0.915 2 1 3 15
31 86.50 -14.54 95 0.339 2 1 3 4
32 128.81 9.73 336 0.942 1 2 1 2 7
33 182.93 70.04 95 0.338 2 1 3 30
34 14.35 -24.81 301 0.853 1 1 2 7
35 83.79 40.87 480 1.302 2 1 3 7
36 105.99 26.96 265 0.765 2 1 3 13
37 190.68 -15.73 30 0.176 1 2 1 2 30
38 66.48 -17.74 382 1.057 1 2 1 2 15
39 93.86 15.52 575 1.538 2 1 3 7
40 29.78 -15.79 30 0.175 1 2 1 2 30
41 68.72 44.19 232 0.682 1 2 1 2 10
42 141.22 11.04 487 1.318 1 2 1 2 3
43 172.02 71.47 189 0.573 2 1 3 15
44 51.97 7.67 381 1.055 1 2 1 2 15
45 71.42 17.51 127 0.419 1 2 1 2 30
46 66.74 -9.71 443 1.210 1 2 1 2 7
47 45.27 71.40 101 0.355 1 2 1 2 29
48 35.61 55.71 30 0.176 1 2 1 2 27
49 177.92 29.22 6 0.115 1 1 2 8
50 96.93 49.94 60 0.250 1 2 1 2 30
51 171.30 51.00 185 0.563 1 2 1 2 15
52 200.57 53.62 203 0.608 1 1 2 15
53 84.93 7.40 174 0.536 1 2 1 2 6
54 169.31 9.03 510 1.376 1 1 1 5
55 182.77 19.96
56 195.69 47.53
