2 5 93 2 15.0
1 20 250 60 134.994 0.349
2 20 720 55 181.631 0.51
3 20 2400 55 384.943 0.864
4 20 4500 50 410.457 1.051
5 20 8400 45 534.502 1.24
1 16.52 64.39 330 0.925 1 2 1 2 15
2 77.75 24.01 371 1.030 1 2 1 2 15
3 41.31 64.35 7 0.119 1 1 1 31
4 123.64 9.99 161 0.503 1 2 1 2 15
5 32.04 67.34 363 1.008 2 1 3 12
6 118.11 25.61 30 0.175 1 2 1 2 31
7 110.26 -17.15 26 0.165 1 2 1 2 27
8 55.33 -23.52 405 1.114 1 1 1 5
9 136.77 -4.19 347 0.969 1 1 2 3
10 192.12 11.26 330 0.926 2 1 3 13
11 25.64 68.69 30 0.176 1 2 1 2 22
12 -3.53 -0.05 30 0.175 1 1 2 26
13 114.43 -23.45 127 0.419 1 1 2 30
14 205.89 72.38 135 0.439 2 1 3 29
15 50.16 44.17 428 1.170 2 1 3 7
16 104.26 48.59 330 0.925 2 1 3 5
17 188.18 56.79 641 1.703 1 2 1 2 7
18 115.22 53.38 15 0.139 1 1 2 19
19 56.89 -27.47 370 1.025 1 2 1 2 3
20 9.19 17.71 39 0.200 1 1 1 31
21 167.46 47.56 282 0.807 1 2 1 2 15
22 194.98 11.75 30 0.175 1 1 2 15
23 22.90 13.63 58 0.247 1 2 1 2 26
24 196.56 5.12 636 1.690 1 1 2 7
25 117.72 -24.81 331 0.928 1 2 1 2 15
26 198.16 21.16 476 1.291 2 1 3 7
27 151.87 -27.58 106 0.367 1 1 2 27
28 98.93 50.02 11 0.130 2 1 3 31
29 44.42 69.03 480 1.302 1 2 1 2 7
30 13.80 44.25 510 1.376 2 1 3 7
31 56.18 46.54 342 0.956 1 2 1 2 12
32 193.19 73.49 78 0.296 1 1 1 15
33 -4.70 28.43 290 0.827 1 2 1 2 13
34 197.48 0.26 129 0.423 1 2 1 2 23
35 60.51 -22.33 39 0.199 2 1 3 31
36 40.11 -29.87 933 2.433 1 2 1 2 7
37 162.77 3.39 290 0.827 1 2 1 2 7
38 137.82 2.84 78 0.297 1 2 1 2 29
39 161.15 60.91 371 1.030 2 1 3 7
40 65.76 56.15 342 0.957 1 1 1 14
41 9.74 53.54 69 0.273 1 2 1 2 25
42 198.90 44.11 516 1.390 1 2 1 2 5
43 4.84 1.87 172 0.530 1 2 1 2 8
44 107.79 32.09 338 0.947 1 1 1 2
45 65.37 -21.01 60 0.250 1 2 1 2 26
46 84.31 70.97 234 0.685 1 2 1 2 7
47 129.97 -1.69 60 0.250 2 1 3 28
48 36.14 43.50 100 0.352 1 1 1 26
49 100.63 60.26 563 1.509 2 1 3 5
50 115.30 20.31 30 0.175 2 1 3 30
51 119.74 -27.26 364 1.011 2 1 3 11
52 171.72 26.68 441 1.203 2 1 3 3
53 61.43 29.09 15 0.139 1 2 1 2 31
54 198.36 51.30 373 1.035 2 1 3 7
55 122.45 11.90 128 0.421 1 2 1 2 31
56 132.94 3.85 242 0.707 2 1 3 3
57 95.67 20.36 380 1.051 1 2 1 2 7
58 84.31 54.15 606 1.617 1 2 1 2 6
59 68.34 -23.74 174 0.536 1 1 1 10
60 181.15 3.62 32 0.181 1 1 2 23
61 145.56 -31.00 30 0.175 1 2 1 2 31
62 142.44 25.14 65 0.264 1 2 1 2 29
63 115.93 -30.90 72 0.280 2 1 3 31
64 177.17 -11.41 47 0.218 2 1 3 29
65 27.35 71.28 65 0.264 2 1 3 13
66 159.55 55.33 11 0.130 1 1 2 31
67 -4.32 35.42 30 0.175 1 2 1 2 15
68 129.41 46.69 441 1.203 2 1 3 7
69 28.67 20.57 30 0.175 2 1 3 22
70 161.42 49.72 428 1.170 2 1 3 7
71 45.82 53.23 296 0.841 1 2 1 2 12
72 103.11 7.67 480 1.301 2 1 3 3
73 161.20 44.40 343 0.958 2 1 3 15
74 180.15 56.02 60 0.250 1 2 1 2 31
75 48.09 19.25 382 1.057 1 2 1 2 7
76 185.32 46.46 555 1.488 2 1 3 6
77 94.94 -31.78 370 1.025 1 2 1 2 7
78 76.25 52.24 374 1.037 1 2 1 2 15
79 57.05 27.27 15 0.139 2 1 3 31
80 202.73 -11.57 487 1.320 2 1 3 4
81 53.02 1.66 89 0.324 2 1 3 27
82 162.61 34.63 626 1.665 1 1 2 7
83 127.32 30.67 15 0.139 1 2 1 2 30
84 49.63 -5.22 41 0.203 1 2 1 2 31
85 95.59 -0.92 30 0.175 1 2 1 2 31
86 47.08 44.98 45 0.213 2 1 3 15
87 29.31 61.89 332 0.931 1 1 1 15
88 78.79 -32.57 81 0.303 1 2 1 2 30
89 24.26 50.22 347 0.970 1 2 1 2 11
90 189.64 38.18 262 0.757 1 1 1 14
91 78.98 -33.25 30 0.175 2 1 3 16
92 128.11 55.08 60 0.250 2 1 3 29
93 197.22 -5.15 480 1.300 1 2 1 2 2
94 -7.57 59.71
95 -2.86 9.85
