5 5 234 2 15.0
1 20 250 60 108.297 0.341
2 20 720 55 197.37 0.632
3 20 2400 55 408.743 0.749
4 20 4500 50 463.717 0.97
5 20 8400 45 522.81 1.556
1 31.32 -24.42 180 0.552 4 4 29 27 15 23 14
2 153.19 7.11 908 2.372 5 1 31 7
3 124.07 46.64 271 0.779 3 1 22 11
4 190.39 -22.88 30 0.175 1 3 1 2 4 30
5 52.05 -17.25 440 1.201 2 2 17 6 3
6 116.48 75.76 451 1.229 1 5 1 2 4 8 16 6
7 84.54 38.17 290 0.827 2 1 18 15
8 199.40 4.89 372 1.030 1 2 1 8 3
9 161.24 35.28 373 1.033 4 4 29 15 23 27 1
10 99.60 68.52 170 0.526 3 2 26 19 14
11 159.64 -26.64 180 0.550 3 3 22 26 11 15
12 178.50 35.52 290 0.827 3 2 26 14 15
13 56.02 -14.94 412 1.132 3 4 7 14 26 25 3
14 173.31 10.26 410 1.126 3 1 22 12
15 96.24 48.92 376 1.041 1 5 1 2 4 8 16 15
16 31.84 -9.98 510 1.376 5 1 31 7
17 -4.35 27.15 303 0.858 3 3 26 22 19 12
18 121.31 -17.30 578 1.546 1 5 1 2 4 8 16 3
19 183.78 -9.20 215 0.638 3 2 28 21 11
20 -1.55 32.12 40 0.202 5 1 31 31
21 68.89 34.23 293 0.833 3 2 7 28 8
22 10.09 -25.21 71 0.279 3 1 7 22
23 173.81 31.60 370 1.027 2 2 24 3 5
24 137.29 44.09 174 0.536 4 3 27 23 15 15
25 18.22 36.63 30 0.175 3 3 19 11 28 8
26 190.95 -17.91 50 0.226 4 3 30 29 15 19
27 185.17 62.07 290 0.827 1 5 1 2 4 8 16 7
28 43.72 25.49 42 0.207 4 4 30 15 29 23 15
29 152.21 1.43 303 0.859 4 4 29 27 30 15 15
30 72.00 2.11 30 0.175 4 2 23 30 27
31 188.60 73.59 448 1.221 5 1 31 5
32 156.65 1.20 6 0.116 1 5 1 2 4 8 16 16
33 125.06 -20.39 352 0.981 1 3 1 8 4 15
34 152.57 5.84 234 0.687 5 1 31 3
35 20.87 28.78 621 1.654 1 1 16 6
36 197.01 3.88 45 0.214 1 5 1 2 4 8 16 14
37 147.64 30.06 104 0.361 1 5 1 2 4 8 16 13
38 133.59 70.39 180 0.552 2 2 20 6 10
39 119.99 26.41 372 1.031 1 5 1 2 4 8 16 13
40 125.43 -11.89 65 0.264 1 5 1 2 4 8 16 30
41 18.22 43.98 60 0.250 1 5 1 2 4 8 16 23
42 198.59 57.62 330 0.926 1 5 1 2 4 8 16 15
43 187.98 -1.29 418 1.146 1 5 1 2 4 8 16 7
44 53.35 24.67 38 0.195 3 4 21 14 19 25 15
45 95.75 24.22 350 0.977 1 3 8 16 2 5
46 140.64 49.37 82 0.307 4 2 29 27 23
47 202.32 4.26 449 1.223 2 4 6 17 20 5 7
48 113.61 40.13 60 0.250 4 3 30 27 29 31
49 45.23 21.92 208 0.622 5 1 31 15
50 -1.80 -15.01 332 0.932 2 2 17 20 3
51 39.81 57.06 472 1.281 1 2 1 2 6
52 162.48 -24.08 908 2.371 1 5 1 2 4 8 16 5
53 -6.29 7.66 476 1.290 5 1 31 7
54 58.78 9.51 444 1.211 4 1 29 5
55 58.59 -11.36 487 1.320 1 1 4 5
56 162.83 11.62 2 0.105 2 2 24 17 31
57 -9.17 62.32 410 1.126 1 5 1 2 4 8 16 13
58 -5.63 -27.36 381 1.053 2 4 24 17 6 3 13
59 53.97 76.30 330 0.925 2 3 18 6 17 7
60 194.67 72.12 343 0.958 3 1 19 7
61 39.80 60.58 90 0.326 1 5 1 2 4 8 16 25
62 52.92 -30.29 30 0.175 2 2 9 20 26
63 94.10 23.73 45 0.214 1 5 1 2 4 8 16 21
64 176.09 -14.71 30 0.175 4 3 15 30 23 31
65 119.95 70.73 523 1.408 4 3 29 27 30 7
66 79.05 -19.28 260 0.751 1 5 1 2 4 8 16 15
67 165.87 17.86 58 0.247 1 5 1 2 4 8 16 31
68 4.94 61.64 378 1.047 4 2 15 30 15
69 28.88 54.22 65 0.264 1 5 1 2 4 8 16 23
70 43.14 51.27 175 0.540 3 1 28 15
71 -4.26 -17.31 25 0.163 1 5 1 2 4 8 16 31
72 56.48 57.58 449 1.225 3 4 14 28 13 7 7
73 31.53 31.49 295 0.838 4 1 15 15
74 157.70 43.82 291 0.828 1 1 1 12
75 -8.70 17.74 290 0.827 2 2 24 20 9
76 114.02 10.94 514 1.386 1 5 1 2 4 8 16 3
77 109.24 -24.69 418 1.147 1 5 1 2 4 8 16 7
78 49.04 1.20 264 0.762 3 4 28 22 21 11 7
79 -2.77 69.30 335 0.939 3 4 13 28 19 14 3
80 46.02 56.58 6 0.115 3 4 19 22 21 25 25
81 137.06 38.69 30 0.175 3 2 14 22 23
82 46.25 59.18 413 1.134 4 4 27 30 23 29 6
83 48.49 49.20 487 1.320 1 5 1 2 4 8 16 3
84 120.38 76.34 473 1.284 1 5 1 2 4 8 16 7
85 28.55 -5.39 59 0.250 4 2 27 30 30
86 113.83 32.95 87 0.318 1 2 16 2 11
87 146.09 -18.65 370 1.025 5 1 31 15
88 123.67 -20.37 87 0.320 1 5 1 2 4 8 16 3
89 47.11 34.44 30 0.176 3 1 19 15
90 65.51 35.72 354 0.987 1 5 1 2 4 8 16 15
91 76.00 -26.76 325 0.914 3 4 25 21 13 14 15
92 -6.87 33.96 242 0.706 2 2 9 20 2
93 166.34 -18.04 116 0.392 5 1 31 5
94 78.89 -9.81 14 0.137 1 4 4 16 2 8 29
95 93.56 50.86 30 0.175 5 1 31 31
96 3.10 13.42 556 1.492 3 2 21 26 7
97 64.72 -21.42 45 0.214 2 3 10 12 5 23
98 -8.89 44.35 174 0.536 1 5 1 2 4 8 16 7
99 8.58 -28.33 332 0.931 1 5 1 2 4 8 16 2
100 82.92 -16.18 30 0.175 1 5 1 2 4 8 16 30
101 61.21 -15.50 359 0.999 4 2 23 30 15
102 116.04 15.36 2 0.105 3 1 21 11
103 44.99 4.78 30 0.175 5 1 31 31
104 150.43 66.46 31 0.179 1 1 1 27
105 196.20 44.56 411 1.129 4 3 15 30 23 6
106 191.12 20.99 598 1.597 4 1 30 7
107 129.18 2.69 30 0.175 3 1 22 9
108 6.53 64.00 336 0.942 1 5 1 2 4 8 16 7
109 -2.63 44.49 342 0.957 2 3 17 10 12 9
110 3.67 11.81 410 1.126 2 2 5 6 15
111 179.12 -21.06 85 0.314 3 1 13 18
112 11.23 8.07 367 1.019 3 2 13 22 8
113 146.82 67.85 105 0.364 3 1 22 13
114 95.13 2.22 104 0.360 1 5 1 2 4 8 16 31
115 119.27 30.87 381 1.053 1 5 1 2 4 8 16 15
116 198.08 0.15 45 0.214 2 4 10 6 17 9 29
117 205.80 30.82 480 1.301 5 1 31 7
118 14.88 21.48 21 0.154 1 5 1 2 4 8 16 29
119 85.86 74.13 516 1.391 3 1 26 7
120 104.67 28.44 30 0.175 3 1 13 11
121 79.24 -14.45 347 0.968 2 1 5 15
122 135.29 26.05 440 1.202 2 3 12 24 3 3
123 58.78 59.76 105 0.364 2 1 17 31
124 176.92 11.29 410 1.127 2 3 6 9 18 10
125 119.30 42.37 517 1.394 1 5 1 2 4 8 16 1
126 55.38 56.16 174 0.535 4 1 27 15
127 76.32 65.74 516 1.392 1 5 1 2 4 8 16 6
128 93.80 62.66 528 1.422 5 1 31 6
129 79.92 66.25 78 0.296 2 1 9 22
130 1.62 -32.69 77 0.293 3 2 11 26 26
131 156.03 25.55 131 0.428 3 3 28 25 7 31
132 -5.22 30.34 248 0.721 1 5 1 2 4 8 16 14
133 24.64 1.82 373 1.034 3 1 7 9
134 -3.27 18.80 7 0.119 2 3 24 20 3 30
135 9.89 -2.32 425 1.163 1 5 1 2 4 8 16 3
136 160.20 9.55 347 0.968 4 1 29 9
137 110.90 71.70 377 1.045 1 5 1 2 4 8 16 6
138 152.61 55.97 500 1.352 1 5 1 2 4 8 16 6
139 -1.84 -21.57 290 0.827 5 1 31 15
140 62.25 6.80 347 0.970 2 3 24 9 20 11
141 5.18 39.18 14 0.136 2 2 12 5 27
142 66.21 -7.72 122 0.406 1 1 2 3
143 192.58 14.55 292 0.831 3 1 14 13
144 88.31 -3.40 65 0.264 1 5 1 2 4 8 16 31
145 59.74 64.01 7 0.119 3 2 25 11 17
146 16.02 32.82 441 1.204 4 1 29 7
147 157.98 64.47 7 0.119 3 2 26 14 27
148 103.11 -9.41 205 0.613 2 2 5 24 14
149 85.57 -33.34 6 0.116 1 5 1 2 4 8 16 21
150 46.06 23.30 380 1.050 4 4 29 27 15 30 13
151 201.40 67.99 418 1.146 3 1 19 7
152 29.43 12.09 86 0.316 2 2 18 10 29
153 148.35 23.82 7 0.119 1 5 1 2 4 8 16 31
154 129.46 24.93 78 0.296 1 1 1 27
155 92.28 75.36 4 0.112 1 5 1 2 4 8 16 27
156 188.25 1.20 418 1.147 5 1 31 7
157 166.69 14.15 488 1.322 2 1 9 3
158 161.44 73.69 77 0.295 1 3 4 2 8 3
159 132.10 50.57 575 1.539 1 5 1 2 4 8 16 6
160 14.47 -30.28 426 1.167 2 1 17 5
161 136.58 2.37 45 0.214 5 1 31 31
162 127.59 22.33 30 0.175 1 2 1 4 31
163 93.88 43.44 564 1.510 1 3 8 4 16 3
164 56.17 65.91 12 0.132 1 5 1 2 4 8 16 23
165 176.74 6.82 126 0.415 3 2 25 26 15
166 115.06 -8.74 45 0.214 1 5 1 2 4 8 16 27
167 121.49 1.82 378 1.046 1 5 1 2 4 8 16 11
168 72.12 47.08 476 1.290 2 4 24 9 6 17 5
169 136.66 -6.94 45 0.213 2 3 5 6 24 31
170 58.66 -0.16 326 0.917 1 1 16 5
171 204.51 2.67 105 0.364 3 2 7 26 31
172 192.31 63.69 30 0.175 3 2 28 21 11
173 190.63 45.04 137 0.443 2 3 12 24 17 29
174 140.32 62.09 480 1.302 2 2 17 18 6
175 104.46 3.68 30 0.175 1 5 1 2 4 8 16 31
176 150.98 -7.90 352 0.980 1 1 2 11
177 191.67 71.15 262 0.757 1 5 1 2 4 8 16 15
178 -5.40 27.65 418 1.147 1 5 1 2 4 8 16 1
179 169.36 41.34 98 0.347 3 4 28 25 26 11 31
180 85.60 21.21 30 0.175 1 5 1 2 4 8 16 31
181 64.99 46.86 510 1.375 2 3 6 18 17 3
182 74.53 -17.83 117 0.394 4 3 30 27 15 31
183 90.30 34.84 416 1.142 2 1 24 7
184 131.44 -32.10 89 0.324 1 5 1 2 4 8 16 31
185 107.50 41.26 58 0.246 3 1 13 30
186 124.80 39.88 87 0.320 4 2 30 29 27
187 8.68 -8.60 378 1.047 3 4 21 28 13 22 7
188 102.66 50.01 45 0.214 3 4 11 22 7 19 30
189 2.49 34.89 45 0.214 2 1 5 22
190 -1.14 -3.93 15 0.140 3 1 13 21
191 164.92 5.21 2 0.105 4 1 15 11
192 168.32 17.18 371 1.029 1 3 1 8 4 8
193 119.37 49.48 109 0.373 2 1 17 31
194 160.90 76.52 441 1.203 3 2 19 13 4
195 43.14 59.52 418 1.146 4 2 30 15 3
196 165.03 28.64 399 1.098 1 5 1 2 4 8 16 15
197 78.46 44.35 831 2.179 5 1 31 3
198 143.01 -6.46 590 1.576 1 3 4 8 1 5
199 49.15 40.73 410 1.127 5 1 31 13
200 138.73 -18.01 48 0.221 2 4 24 5 9 6 23
201 172.91 69.23 428 1.171 2 4 12 3 18 6 6
202 7.38 -33.31 564 1.510 2 4 24 9 12 5 7
203 98.43 7.06 127 0.420 1 1 16 31
204 77.14 20.74 44 0.212 2 2 18 20 27
205 -1.87 50.30 510 1.376 2 4 5 12 17 3 5
206 91.86 21.33 508 1.370 5 1 31 7
207 52.28 28.25 382 1.056 4 1 30 9
208 184.81 -4.09 372 1.030 4 2 27 30 6
209 58.57 -17.03 30 0.176 4 4 30 29 15 27 30
210 66.70 66.78 446 1.216 1 3 8 2 1 6
211 153.45 16.40 30 0.175 1 5 1 2 4 8 16 27
212 174.94 -15.49 129 0.423 4 2 15 27 7
213 159.02 12.01 32 0.181 1 5 1 2 4 8 16 31
214 86.52 -2.09 177 0.544 1 3 16 8 1 15
215 140.06 41.42 30 0.176 1 5 1 2 4 8 16 29
216 137.27 -2.03 30 0.176 4 3 15 30 23 27
217 38.30 -32.85 65 0.264 3 2 28 22 31
218 179.81 -18.52 65 0.264 3 2 28 22 27
219 182.81 18.35 2 0.107 1 5 1 2 4 8 16 29
220 179.19 10.70 217 0.644 1 5 1 2 4 8 16 15
221 160.72 32.56 89 0.324 2 1 10 15
222 64.48 -19.76 132 0.432 2 2 24 6 22
223 87.39 -30.42 175 0.539 4 1 15 7
224 73.99 43.91 411 1.128 1 5 1 2 4 8 16 15
225 60.67 75.22 77 0.294 2 3 3 6 17 31
226 167.75 63.57 30 0.175 5 1 31 9
227 114.49 18.47 44 0.212 1 5 1 2 4 8 16 27
228 37.92 -3.72 203 0.609 1 2 8 16 10
229 72.86 2.48 343 0.958 1 5 1 2 4 8 16 15
230 39.34 1.96 128 0.421 2 3 20 10 6 15
231 97.67 64.50 345 0.964 2 2 12 17 15
232 82.96 27.98 44 0.212 1 4 8 1 4 16 14
233 140.55 62.48 178 0.547 4 1 30 14
234 171.37 10.40 908 2.372 1 5 1 2 4 8 16 4
235 45.62 -10.29
236 84.65 -24.67
