4 5 129 3 15.0
1 20 250 60 116.501 0.31
2 20 720 55 171.912 0.557
3 20 2400 55 397.983 0.852
4 20 4500 50 480.641 0.999
5 20 8400 45 454.945 1.569
1 159.87 64.43 30 0.175 3 3 13 14 11 31
2 43.84 14.94 130 0.425 2 2 10 12 3
3 190.14 23.54 60 0.250 2 3 10 12 6 29
4 1.22 46.61 30 0.175 4 1 15 31
5 163.17 60.72 18 0.146 4 1 15 30
6 55.75 -31.45 174 0.536 1 3 8 2 4 15
7 44.03 26.93 376 1.041 2 2 3 9 7
8 10.33 75.74 451 1.228 3 3 14 7 11 7
9 185.57 -14.65 347 0.970 1 2 8 2 11
10 127.95 27.75 330 0.925 1 4 1 2 4 8 10
11 146.37 59.41 30 0.175 1 4 1 2 4 8 31
12 146.03 -15.59 98 0.347 2 2 10 5 1
13 117.40 1.64 573 1.534 4 1 15 5
14 92.23 31.51 30 0.175 1 2 4 1 29
15 26.51 48.82 468 1.271 1 4 1 2 4 8 6
16 172.61 -21.91 437 1.195 2 2 9 10 6
17 86.25 -6.36 118 0.396 2 3 5 10 3 27
18 4.16 70.15 382 1.057 1 4 1 2 4 8 15
19 37.34 -16.42 63 0.259 1 3 2 4 8 31
20 154.37 14.64 110 0.377 3 3 14 11 13 31
21 33.74 -4.48 410 1.126 1 1 2 15
22 127.73 -21.51 125 0.415 3 2 11 14 25
23 -1.37 6.70 30 0.175 2 2 5 12 7
24 132.78 37.42 46 0.215 4 1 15 27
25 119.89 39.12 306 0.866 2 1 12 11
26 62.90 23.15 410 1.126 3 2 14 7 12
27 9.88 7.75 101 0.354 1 4 1 2 4 8 21
28 54.88 -0.11 42 0.207 2 2 3 10 23
29 104.55 52.00 593 1.583 3 1 13 7
30 205.34 74.48 516 1.392 1 4 1 2 4 8 5
31 102.13 65.71 78 0.296 2 3 3 12 9 6
32 59.99 43.63 314 0.886 2 1 6 10
33 147.64 32.66 78 0.296 1 1 8 30
34 63.36 -34.09 59 0.250 2 1 3 22
35 114.39 -6.06 179 0.549 1 4 1 2 4 8 14
36 43.46 -16.39 129 0.423 4 1 15 11
37 77.91 -25.00 342 0.957 1 4 1 2 4 8 9
38 53.33 46.45 106 0.366 2 1 10 31
39 170.77 18.91 410 1.126 2 2 10 3 15
40 86.39 -0.05 40 0.201 2 1 3 27
41 34.31 33.89 371 1.029 1 4 1 2 4 8 13
42 108.30 73.09 339 0.949 1 4 1 2 4 8 5
43 88.51 -10.57 486 1.316 1 1 4 1
44 200.27 52.86 329 0.923 1 3 2 8 4 7
45 107.19 -24.77 4 0.110 1 4 1 2 4 8 25
46 192.84 33.26 434 1.187 4 1 15 7
47 83.76 50.72 477 1.294 4 1 15 7
48 168.58 45.04 324 0.910 1 4 1 2 4 8 14
49 173.40 19.30 444 1.211 2 3 10 12 9 4
50 164.18 -19.21 89 0.324 1 4 1 2 4 8 31
51 103.11 -32.42 132 0.430 2 2 12 10 29
52 38.83 25.61 104 0.360 1 4 1 2 4 8 23
53 106.49 37.46 343 0.958 3 1 14 3
54 196.15 -8.07 15 0.139 3 3 11 14 7 28
55 181.67 36.63 595 1.589 1 4 1 2 4 8 3
56 97.36 59.87 441 1.204 2 3 12 3 10 3
57 9.22 2.35 474 1.286 1 2 2 1 7
58 87.41 -26.26 45 0.214 3 1 13 31
59 116.71 35.43 105 0.364 4 1 15 23
60 73.68 42.48 59 0.249 2 1 6 29
61 191.47 68.85 86 0.315 1 4 1 2 4 8 13
62 200.44 36.58 60 0.250 4 1 15 14
63 29.70 4.91 15 0.139 1 3 4 1 2 27
64 176.77 35.67 12 0.131 1 4 1 2 4 8 31
65 90.84 2.95 30 0.176 3 3 7 13 11 23
66 152.73 30.01 233 0.683 4 1 15 15
67 158.59 63.55 290 0.827 4 1 15 13
68 184.36 45.09 509 1.373 1 4 1 2 4 8 4
69 71.69 61.14 413 1.133 1 4 1 2 4 8 5
70 185.68 15.72 117 0.393 4 1 15 15
71 158.79 44.48 381 1.053 1 2 8 1 13
72 -4.68 -23.02 125 0.413 2 3 9 5 10 28
73 70.31 25.50 425 1.165 3 1 13 7
74 -3.23 39.97 105 0.365 1 4 1 2 4 8 19
75 -9.54 -0.97 89 0.324 3 1 13 23
76 148.56 54.00 129 0.423 1 1 1 31
77 204.02 36.52 75 0.289 2 1 3 27
78 -6.01 74.83 247 0.718 2 1 12 15
79 143.58 21.77 328 0.920 4 1 15 11
80 120.06 75.54 81 0.304 1 4 1 2 4 8 8
81 158.77 57.98 107 0.370 1 4 1 2 4 8 31
82 84.40 -14.66 30 0.175 4 1 15 22
83 59.34 0.52 101 0.355 4 1 15 30
84 152.71 67.33 65 0.264 1 2 1 4 21
85 33.08 23.50 60 0.250 2 3 6 5 9 23
86 124.45 -0.73 451 1.228 1 3 1 4 2 5
87 83.70 -8.61 45 0.213 2 1 12 31
88 7.15 9.52 3 0.109 2 2 10 9 31
89 16.95 20.55 376 1.041 1 4 1 2 4 8 14
90 -6.26 27.52 82 0.306 3 2 11 14 25
91 77.88 67.41 384 1.061 4 1 15 14
92 188.50 54.66 117 0.394 1 4 1 2 4 8 3
93 12.40 -11.72 2 0.105 2 2 12 10 26
94 43.79 47.71 79 0.300 4 1 15 17
95 186.87 55.68 59 0.248 1 4 1 2 4 8 31
96 60.52 30.95 330 0.926 2 1 12 7
97 63.18 32.03 332 0.932 1 4 1 2 4 8 7
98 190.20 0.72 572 1.530 2 3 3 12 6 7
99 198.19 -12.41 84 0.310 3 2 11 14 31
100 197.16 28.27 510 1.377 1 4 1 2 4 8 7
101 100.12 12.52 471 1.280 1 4 1 2 4 8 6
102 9.24 26.92 332 0.932 1 4 1 2 4 8 15
103 -3.95 -6.31 472 1.281 1 4 1 2 4 8 7
104 56.17 4.06 487 1.318 3 3 13 11 7 7
105 188.17 21.06 448 1.222 2 2 5 6 7
106 -9.75 43.74 264 0.761 3 3 14 11 7 14
107 93.65 34.15 45 0.214 1 4 1 2 4 8 23
108 163.97 33.70 377 1.045 3 3 7 14 13 10
109 59.24 5.53 30 0.175 3 2 11 7 27
110 144.40 5.15 431 1.179 1 4 1 2 4 8 7
111 191.60 12.89 451 1.229 2 3 3 9 12 3
112 181.30 63.79 76 0.292 4 1 15 15
113 177.89 22.36 45 0.213 1 4 1 2 4 8 27
114 129.24 -19.85 30 0.175 1 4 1 2 4 8 15
115 166.69 45.31 58 0.246 1 4 1 2 4 8 4
116 171.08 8.12 409 1.125 1 1 2 15
117 2.07 40.18 72 0.281 2 1 9 28
118 5.29 61.92 174 0.536 2 3 12 10 9 2
119 178.57 44.54 450 1.226 1 4 1 2 4 8 6
120 201.71 -32.86 341 0.953 4 1 15 2
121 -9.71 -13.31 234 0.687 2 2 3 10 15
122 -4.69 -17.86 471 1.279 1 4 1 2 4 8 4
123 70.74 0.17 418 1.146 3 3 7 13 11 4
124 162.91 -6.64 85 0.313 1 1 2 29
125 184.74 20.87 474 1.286 4 1 15 7
126 106.42 15.99 98 0.346 1 4 1 2 4 8 29
127 195.67 10.96 174 0.537 4 1 15 11
128 85.49 8.26 583 1.559 2 3 10 9 6 1
129 50.16 3.20 120 0.400 1 4 1 2 4 8 15
130 170.64 37.87
131 178.78 46.99
132 99.20 28.88
