2 5 158 2 15.0
1 20 250 60 135.506 0.383
2 20 720 55 168.447 0.547
3 20 2400 55 314.828 0.769
4 20 4500 50 487.016 0.906
5 20 8400 45 503.368 1.252
1 88.29 -0.01 30 0.175 2 1 3 31
2 71.34 -6.61 439 1.198 1 1 1 7
3 23.52 -16.82 380 1.051 2 1 3 12
4 173.11 4.24 126 0.416 1 2 1 2 14
5 119.21 -32.96 176 0.542 1 2 1 2 7
6 48.46 -18.71 174 0.536 1 2 1 2 14
7 173.58 -5.18 474 1.285 2 1 3 3
8 92.37 40.55 455 1.239 2 1 3 3
9 84.98 -4.76 30 0.175 1 2 1 2 31
10 203.29 -10.36 426 1.167 2 1 3 5
11 -4.93 -17.40 15 0.139 1 2 1 2 31
12 14.21 -25.46 208 0.622 2 1 3 11
13 12.32 -19.58 348 0.971 2 1 3 15
14 153.61 -8.47 395 1.090 2 1 3 5
15 -7.31 49.65 580 1.551 1 2 1 2 7
16 105.09 10.11 15 0.139 1 2 1 2 13
17 120.73 -9.36 60 0.250 1 1 1 27
18 63.33 22.43 136 0.442 1 2 1 2 10
19 47.91 -27.04 383 1.059 2 1 3 12
20 87.47 68.85 384 1.060 1 2 1 2 3
21 27.90 62.65 89 0.324 2 1 3 22
22 166.45 -32.64 122 0.406 2 1 3 21
23 169.61 65.07 337 0.943 1 2 1 2 15
24 123.80 22.09 77 0.294 1 2 1 2 12
25 132.44 -28.44 102 0.356 2 1 3 23
26 -2.89 33.10 382 1.056 2 1 3 13
27 167.89 -33.74 30 0.175 1 2 1 2 23
28 -3.11 37.71 190 0.577 1 2 1 2 7
29 2.99 75.94 361 1.004 2 1 3 15
30 138.86 48.21 137 0.445 1 2 1 2 27
31 -2.68 -5.51 60 0.250 1 2 1 2 27
32 145.28 -9.18 471 1.280 1 1 2 7
33 179.58 50.07 482 1.307 1 1 2 7
34 2.33 53.73 342 0.955 1 2 1 2 9
35 129.66 57.85 381 1.055 2 1 3 14
36 30.59 -28.36 14 0.136 1 1 1 31
37 35.37 4.99 60 0.250 2 1 3 7
38 -7.45 35.08 160 0.502 1 2 1 2 13
39 43.84 10.04 384 1.062 1 2 1 2 15
40 163.68 21.37 527 1.420 1 1 1 7
41 199.73 28.81 418 1.146 2 1 3 7
42 137.94 -34.21 234 0.687 1 1 1 12
43 16.08 42.59 234 0.687 2 1 3 13
44 178.97 28.26 62 0.255 2 1 3 15
45 204.17 -10.85 234 0.687 2 1 3 15
46 112.69 53.04 30 0.176 2 1 3 31
47 -7.97 73.99 374 1.036 2 1 3 13
48 54.33 61.95 169 0.523 2 1 3 2
49 114.20 60.64 60 0.250 1 2 1 2 23
50 1.56 65.77 546 1.467 1 2 1 2 1
51 104.27 9.09 30 0.175 2 1 3 25
52 177.75 -30.24 358 0.997 1 1 1 15
53 168.47 45.02 418 1.147 1 1 1 7
54 168.17 73.38 347 0.969 1 1 1 15
55 15.48 48.22 30 0.175 1 1 1 30
56 108.57 -11.45 379 1.048 2 1 3 11
57 93.10 7.69 377 1.044 1 2 1 2 5
58 141.98 74.42 7 0.118 1 2 1 2 29
59 89.58 22.99 15 0.139 2 1 3 28
60 47.27 2.16 290 0.827 1 2 1 2 15
61 146.57 0.92 342 0.957 1 2 1 2 5
62 125.57 19.54 242 0.706 2 1 3 15
63 52.53 -13.69 382 1.055 2 1 3 11
64 3.34 1.42 472 1.282 1 2 1 2 7
65 100.47 -12.31 290 0.827 1 1 1 14
66 69.47 61.82 15 0.139 1 2 1 2 19
67 39.37 41.98 78 0.296 1 2 1 2 25
68 85.90 8.09 554 1.487 2 1 3 6
69 140.25 -3.14 117 0.394 2 1 3 5
70 83.94 25.37 454 1.237 1 2 1 2 7
71 175.12 -25.85 477 1.295 1 2 1 2 4
72 118.85 61.31 373 1.034 1 1 1 9
73 26.75 60.28 509 1.374 2 1 3 3
74 178.64 -33.17 65 0.264 1 1 2 31
75 19.58 62.05 441 1.203 1 2 1 2 4
76 8.35 -32.37 60 0.250 1 2 1 2 15
77 166.72 52.88 75 0.288 1 2 1 2 21
78 61.55 64.84 27 0.168 2 1 3 23
79 21.57 13.03 30 0.175 1 2 1 2 31
80 52.35 36.62 39 0.199 2 1 3 23
81 66.58 -26.32 383 1.060 2 1 3 14
82 5.61 11.42 179 0.548 2 1 3 3
83 -6.85 66.71 131 0.428 1 2 1 2 15
84 24.91 28.83 472 1.280 1 2 1 2 7
85 146.47 39.95 292 0.830 1 2 1 2 13
86 142.78 7.64 412 1.131 1 1 1 7
87 105.02 26.47 72 0.280 2 1 3 31
88 116.74 55.15 290 0.826 2 1 3 13
89 102.41 -32.47 65 0.264 2 1 3 26
90 154.72 -21.99 378 1.046 1 2 1 2 15
91 66.00 -9.60 333 0.933 1 2 1 2 4
92 16.01 71.78 342 0.955 1 2 1 2 15
93 17.37 74.17 123 0.408 2 1 3 5
94 104.49 -7.09 636 1.690 2 1 3 5
95 107.85 3.04 205 0.613 1 2 1 2 15
96 86.55 33.39 131 0.430 2 1 3 28
97 6.77 34.78 290 0.827 1 1 1 11
98 105.15 -15.88 553 1.484 1 1 1 4
99 9.30 57.66 31 0.179 1 2 1 2 3
100 116.92 6.47 18 0.145 1 1 2 31
101 55.22 57.97 107 0.369 1 2 1 2 15
102 131.67 46.32 790 2.076 1 2 1 2 3
103 -6.37 -22.31 564 1.511 1 2 1 2 7
104 174.75 17.87 330 0.925 1 1 2 13
105 121.32 66.84 448 1.221 1 1 1 1
106 121.82 20.86 76 0.290 1 2 1 2 27
107 191.91 28.97 343 0.959 1 1 2 15
108 142.38 8.19 332 0.931 2 1 3 9
109 30.33 51.81 333 0.935 2 1 3 14
110 188.90 26.95 60 0.250 2 1 3 27
111 47.42 44.55 584 1.562 1 1 2 6
112 117.73 31.69 357 0.994 1 2 1 2 15
113 22.81 -33.40 181 0.555 2 1 3 7
114 100.84 51.09 343 0.958 1 2 1 2 10
115 45.06 -19.31 340 0.952 1 1 2 13
116 201.11 -24.08 418 1.146 1 2 1 2 3
117 129.39 71.12 30 0.175 1 2 1 2 27
118 152.98 14.89 130 0.427 1 2 1 2 31
119 58.64 -10.29 172 0.531 1 2 1 2 9
120 10.49 -32.43 439 1.199 1 2 1 2 7
121 106.05 -9.34 1001 2.603 1 2 1 2 6
122 77.42 31.27 342 0.957 1 2 1 2 15
123 174.80 31.40 60 0.250 2 1 3 5
124 10.59 51.32 572 1.530 1 2 1 2 7
125 11.49 70.69 396 1.090 1 2 1 2 15
126 62.72 24.64 477 1.293 1 2 1 2 6
127 135.98 59.96 379 1.050 1 2 1 2 15
128 171.76 -31.57 453 1.234 1 2 1 2 7
129 149.76 -31.09 50 0.227 2 1 3 29
130 51.03 48.70 98 0.347 1 1 2 7
131 116.21 -26.05 30 0.175 2 1 3 15
132 167.78 18.39 66 0.266 1 2 1 2 27
133 38.01 18.23 59 0.250 2 1 3 7
134 109.94 27.96 573 1.535 2 1 3 7
135 204.56 -13.03 30 0.175 1 1 2 27
136 110.82 12.05 30 0.176 2 1 3 15
137 1.17 28.79 30 0.176 2 1 3 23
138 33.08 45.98 370 1.026 1 2 1 2 11
139 117.93 -17.55 473 1.283 2 1 3 7
140 59.78 3.75 107 0.368 1 1 1 31
141 81.03 37.28 6 0.115 1 2 1 2 15
142 166.59 31.94 418 1.146 1 2 1 2 2
143 110.67 -33.53 435 1.189 1 1 2 7
144 195.21 70.38 348 0.971 2 1 3 15
145 179.22 22.66 455 1.238 2 1 3 6
146 187.38 -22.47 130 0.426 2 1 3 31
147 83.16 73.94 131 0.429 1 2 1 2 31
148 121.35 65.60 77 0.293 1 2 1 2 20
149 44.61 62.69 4 0.111 1 1 1 1
150 28.09 33.81 38 0.195 2 1 3 13
151 14.44 -26.79 30 0.175 2 1 3 30
152 195.26 42.98 484 1.310 2 1 3 7
153 195.16 72.95 65 0.264 2 1 3 11
154 103.18 47.09 30 0.175 1 2 1 2 27
155 52.78 19.13 30 0.175 2 1 3 30
156 83.20 42.52 16 0.140 2 1 3 10
157 63.91 52.14 30 0.175 2 1 3 30
158 73.04 76.35 105 0.364 1 2 1 2 31
159 -3.45 -26.24
160 96.20 38.53
