4 5 65 2 15.0
1 20 250 60 132.629 0.321
2 20 720 55 175.715 0.546
3 20 2400 55 410.08 0.956
4 20 4500 50 389.95 0.924
5 20 8400 45 460.565 1.337
1 120.85 71.85 373 1.034 4 1 15 15
2 154.11 -6.72 3 0.109 2 1 3 27
3 -7.17 -18.87 418 1.146 2 1 6 7
4 -3.72 59.65 382 1.057 2 2 6 5 11
5 20.73 11.01 105 0.364 1 4 1 2 4 8 29
6 99.39 74.90 45 0.214 2 3 5 12 10 19
7 191.11 54.28 30 0.175 2 3 6 9 5 31
8 54.59 17.76 15 0.139 3 2 11 7 19
9 196.90 -5.42 577 1.544 2 1 9 3
10 96.35 53.63 3 0.109 3 1 13 19
11 25.54 -15.77 640 1.702 3 3 14 7 11 7
12 34.90 53.66 6 0.115 1 4 1 2 4 8 15
13 135.46 34.39 151 0.479 1 1 1 14
14 201.48 18.08 714 1.886 3 1 14 6
15 121.31 68.17 418 1.146 1 4 1 2 4 8 6
16 77.96 -3.74 566 1.516 2 2 5 6 3
17 171.64 20.69 564 1.510 2 1 12 5
18 1.02 68.48 138 0.445 2 3 5 10 6 27
19 27.20 -20.04 60 0.250 4 1 15 29
20 5.71 73.81 13 0.133 1 2 1 8 31
21 30.68 -0.70 30 0.175 3 3 7 14 11 31
22 34.53 67.31 428 1.170 1 4 1 2 4 8 7
23 62.89 13.42 342 0.957 4 1 15 15
24 84.15 24.80 482 1.306 1 4 1 2 4 8 5
25 61.27 69.46 358 0.995 1 3 2 4 1 15
26 26.79 -20.18 340 0.951 4 1 15 4
27 135.73 26.10 290 0.827 1 4 1 2 4 8 14
28 179.94 67.19 4 0.111 4 1 15 31
29 37.66 64.00 58 0.246 1 4 1 2 4 8 30
30 99.94 -31.91 190 0.576 3 1 14 15
31 110.37 63.06 180 0.551 3 1 7 7
32 118.35 74.97 246 0.715 2 3 6 9 12 13
33 31.11 -23.74 442 1.205 4 1 15 7
34 182.38 22.66 6 0.115 4 1 15 15
35 87.64 -8.59 370 1.026 1 4 1 2 4 8 7
36 70.70 -8.51 558 1.497 1 3 2 4 1 3
37 7.48 51.24 36 0.192 1 2 2 8 27
38 -3.59 68.20 30 0.175 2 2 3 5 31
39 -2.77 -32.48 60 0.250 2 3 6 10 12 31
40 37.02 38.84 15 0.139 1 4 1 2 4 8 23
41 137.41 56.95 381 1.055 3 1 11 11
42 30.36 -28.20 310 0.877 3 1 13 15
43 194.63 71.61 15 0.139 2 3 5 12 10 25
44 89.87 -31.83 203 0.609 4 1 15 7
45 95.72 -30.43 7 0.119 4 1 15 14
46 165.56 57.78 449 1.223 1 4 1 2 4 8 3
47 112.21 27.14 286 0.816 3 1 11 3
48 200.54 21.97 372 1.031 2 2 12 6 13
49 45.19 6.10 413 1.134 3 1 11 7
50 146.20 -11.72 332 0.932 4 1 15 11
51 112.39 -5.62 270 0.777 2 3 12 6 3 13
52 145.50 60.34 60 0.250 1 4 1 2 4 8 31
53 158.57 72.02 87 0.319 1 4 1 2 4 8 31
54 131.33 23.65 509 1.374 1 2 8 4 7
55 5.57 -20.17 204 0.611 1 2 1 2 14
56 15.11 -24.28 459 1.248 2 2 12 10 3
57 191.47 24.71 30 0.175 4 1 15 30
58 17.41 -15.20 260 0.751 2 2 12 9 11
59 72.22 43.18 38 0.195 2 1 9 31
60 107.60 64.18 343 0.960 2 1 10 11
61 201.50 -32.50 45 0.214 1 4 1 2 4 8 14
62 65.46 -23.30 60 0.250 1 1 4 15
63 55.23 9.88 564 1.510 4 1 15 1
64 35.47 -17.04 30 0.175 1 4 1 2 4 8 27
65 0.69 19.99 362 1.007 2 3 9 5 3 11
66 102.59 58.42
67 133.98 -23.27
