5 5 93 3 15.0
1 20 250 60 113.314 0.325
2 20 720 55 173.757 0.592
3 20 2400 55 347.68 0.85
4 20 4500 50 376.73 0.962
5 20 8400 45 596.022 1.206
1 110.50 20.52 95 0.339 3 2 7 26 5
2 37.50 -7.27 41 0.203 2 1 9 31
3 36.83 58.75 84 0.312 1 2 1 16 31
4 162.65 47.23 30 0.175 1 5 1 2 4 8 16 31
5 60.14 43.00 89 0.324 1 5 1 2 4 8 16 21
6 113.76 71.95 599 1.598 1 5 1 2 4 8 16 7
7 206.06 65.95 116 0.390 4 3 15 23 27 31
8 33.25 42.32 340 0.952 3 4 26 11 14 22 11
9 73.60 -22.37 30 0.175 2 4 24 20 6 5 31
10 67.48 -14.06 45 0.214 2 3 3 18 24 5
11 177.40 47.00 78 0.296 4 1 15 8
12 -0.35 -23.62 73 0.284 1 5 1 2 4 8 16 25
13 191.13 62.01 7 0.119 3 4 25 11 14 7 14
14 196.27 -32.83 65 0.264 2 2 10 5 15
15 200.67 47.30 92 0.331 3 3 26 11 25 31
16 101.18 7.14 15 0.139 4 1 27 14
17 34.57 38.59 246 0.715 1 5 1 2 4 8 16 12
18 103.12 36.20 71 0.278 2 2 24 6 31
19 -8.51 -31.09 380 1.050 1 5 1 2 4 8 16 5
20 96.75 -18.49 383 1.059 4 3 29 23 30 13
21 50.08 17.39 7 0.119 1 5 1 2 4 8 16 31
22 105.05 16.38 410 1.126 4 3 15 29 30 15
23 45.92 72.76 378 1.046 2 2 3 18 8
24 161.33 41.44 373 1.035 4 4 23 15 29 27 13
25 63.65 0.47 371 1.029 1 5 1 2 4 8 16 15
26 108.10 24.77 473 1.283 1 5 1 2 4 8 16 7
27 146.68 54.16 12 0.131 2 3 5 6 24 31
28 6.71 37.92 177 0.544 5 1 31 15
29 133.01 41.02 31 0.178 1 5 1 2 4 8 16 15
30 84.17 -29.78 7 0.119 1 5 1 2 4 8 16 31
31 63.24 10.16 12 0.132 1 5 1 2 4 8 16 11
32 10.03 -33.99 474 1.286 1 5 1 2 4 8 16 7
33 57.48 34.89 496 1.342 2 3 24 18 20 2
34 134.11 63.20 572 1.530 2 2 17 12 7
35 34.92 -6.97 276 0.791 1 5 1 2 4 8 16 15
36 179.87 60.87 446 1.216 2 1 20 6
37 -4.50 29.32 30 0.175 2 2 12 10 31
38 158.17 33.01 73 0.283 3 3 26 25 21 30
39 183.83 4.86 234 0.687 2 2 17 6 15
40 124.33 45.48 30 0.175 1 5 1 2 4 8 16 7
41 109.50 22.63 332 0.932 1 5 1 2 4 8 16 15
42 135.61 37.78 477 1.294 1 2 2 8 6
43 1.31 10.90 58 0.246 1 5 1 2 4 8 16 5
44 131.44 54.78 128 0.422 3 3 28 21 11 15
45 159.11 43.38 330 0.925 1 5 1 2 4 8 16 13
46 58.05 -12.83 107 0.368 4 2 30 15 7
47 117.00 28.50 566 1.515 4 4 15 27 23 30 7
48 71.68 0.55 106 0.366 2 2 12 6 31
49 145.77 12.15 701 1.853 1 3 4 1 2 6
50 37.12 46.90 60 0.250 1 5 1 2 4 8 16 26
51 45.13 -2.83 65 0.264 1 5 1 2 4 8 16 27
52 105.59 -2.60 252 0.732 1 5 1 2 4 8 16 10
53 57.59 35.67 31 0.178 1 5 1 2 4 8 16 30
54 135.36 -31.04 340 0.952 1 3 16 4 2 14
55 89.24 39.36 379 1.049 1 5 1 2 4 8 16 11
56 0.46 49.22 3 0.109 1 5 1 2 4 8 16 30
57 155.54 40.92 17 0.143 3 4 13 7 11 19 31
58 2.99 35.10 379 1.049 2 3 17 18 3 15
59 121.55 -27.55 30 0.175 4 2 27 30 31
60 81.39 56.40 537 1.443 3 1 21 5
61 115.20 24.20 566 1.517 1 3 8 16 4 3
62 137.10 29.32 50 0.227 1 4 4 16 8 2 14
63 76.66 -21.53 473 1.284 2 4 24 18 20 3 7
64 -5.83 -11.37 510 1.376 1 1 2 7
65 163.55 27.81 30 0.175 1 3 8 4 2 23
66 55.13 40.19 30 0.176 2 3 10 3 18 21
67 135.09 -25.33 418 1.146 4 4 30 27 29 23 6
68 60.33 -17.71 38 0.195 1 2 8 2 30
69 16.87 -28.76 440 1.202 2 2 3 5 7
70 84.85 76.40 132 0.432 2 2 17 12 31
71 173.78 -20.48 38 0.197 1 5 1 2 4 8 16 20
72 26.81 50.28 242 0.706 3 3 26 11 7 15
73 197.04 60.29 556 1.492 1 1 8 6
74 44.37 37.69 290 0.827 2 3 12 10 18 15
75 8.93 56.22 45 0.213 4 2 23 27 24
76 121.23 53.30 481 1.303 4 4 15 30 23 27 5
77 190.45 45.78 98 0.347 4 2 27 15 3
78 175.92 37.56 58 0.247 2 2 12 10 27
79 156.52 0.93 357 0.994 5 1 31 13
80 18.33 -5.03 473 1.284 3 2 19 21 7
81 180.83 18.04 418 1.147 1 2 16 1 3
82 82.43 48.87 443 1.208 2 3 3 6 17 7
83 64.68 35.30 30 0.175 1 5 1 2 4 8 16 27
84 1.54 60.81 428 1.170 5 1 31 1
85 46.08 60.17 477 1.293 1 5 1 2 4 8 16 5
86 3.27 57.29 452 1.230 2 2 6 5 5
87 7.64 43.46 522 1.406 2 3 17 6 24 7
88 38.47 -16.96 204 0.611 5 1 31 11
89 46.93 -22.66 571 1.529 1 5 1 2 4 8 16 7
90 112.37 50.69 234 0.687 2 2 17 18 9
91 9.47 23.24 38 0.195 2 4 24 9 6 10 30
92 130.48 -22.75 6 0.117 2 4 12 6 18 5 13
93 177.55 63.66 460 1.252 1 5 1 2 4 8 16 3
94 154.62 16.44
95 110.07 11.69
96 200.95 49.99
